0 0.458291015625 0.5521815519765739 0.14369140625 0.5940117130307466
6 0.452705078125 0.4674816983894583 0.11021484375 0.2070717423133236
2 0.4443359375 0.29805270863836014 0.054404296875 0.0690190336749634
0 0.801474609375 0.5742459736456808 0.235771484375 0.8514934114202051
2 0.7958984375 0.2164860907759883 0.154853515625 0.13177159590043924
6 0.83216796875 0.5187262079062958 0.160439453125 0.347203513909224
2 0.267861328125 0.15477306002928257 0.047431640625 0.06275256222547584
6 0.264365234375 0.26667642752562226 0.068359375 0.14850658857979504
4 0.581748046875 0.2938653001464129 0.064169921875 0.08575402635431918
5 0.61244140625 0.49884333821376275 0.10044921875 0.2070717423133236
3 0.443642578125 0.3336163982430454 0.053017578125 0.02718887262079063
1 0.7470703125 0.29282576866764276 0.037666015625 0.025095168374816984
3 0.577568359375 0.3513909224011713 0.053017578125 0.03346998535871157
0 0.611044921875 0.5992532942898975 0.142294921875 0.700688140556369