0 0.19250794491525422 0.6151547116736991 0.2979343220338983 0.769690576652602
0 0.4846398305084746 0.5080872011251758 0.3151483050847458 0.47468354430379744
0 0.818458686440678 0.4430379746835443 0.3630826271186441 0.6610407876230661
2 0.21914724576271186 0.3190928270042194 0.178760593220339 0.17053445850914206
2 0.4866260593220339 0.3542545710267229 0.14433262711864406 0.159985935302391
2 0.7320868644067797 0.20833333333333334 0.18008474576271186 0.19163150492264416
1 0.2441498940677966 0.42457805907172996 0.10990466101694915 0.04746835443037975
1 0.4806673728813559 0.43424753867791843 0.11122881355932203 0.04219409282700422
1 0.737552966101695 0.2814943741209564 0.14565677966101695 0.08790436005625879
6 0.19131885593220338 0.6955379746835443 0.2608156779661017 0.4417053445850914
6 0.48656779661016947 0.6226054852320675 0.26868379237288137 0.2712341772151899
6 0.8211069915254238 0.5714205344585092 0.3577860169491525 0.48882911392405065