0 0.5167682926829268 0.6548941176470587 0.13109756097560976 0.6470588235294118
0 0.649390243902439 0.6431294117647058 0.13414634146341464 0.7137176470588235
0 0.7926829268292683 0.6470588235294118 0.12398780487804878 0.7058823529411765
6 0.7346370045731706 0.4705882352941175 0.738702045223577 0.7460784313725489 0.8301654598577235 0.7470588235294117 0.8423605818089429 0.476470588235294
4 0.771829268292683 0.3516705882352941 0.06195121951219512 0.08374117647058825
4 0.6479512195121951 0.30119999999999997 0.05403658536585366 0.09258823529411765
4 0.5154024390243902 0.35896470588235296 0.05314634146341463 0.08654117647058823
5 0.5213414634146342 0.6286117647058824 0.10773170731707317 0.36703529411764707
5 0.6475853658536586 0.5568470588235294 0.10615853658536585 0.29407058823529414
3 0.7660243902439025 0.4116941176470588 0.04221951219512195 0.046941176470588236
3 0.6439878048780489 0.36461176470588236 0.042036585365853654 0.04689411764705882