2 0.30365234375 0.13225475841874085 0.169140625 0.17310395314787702
6 0.233056640625 0.6668081991215227 0.27927734375 0.6630600292825769
2 0.47728515625 0.24095168374816983 0.14708984375 0.17723279648609078
6 0.5146484375 0.7182137628111274 0.298349609375 0.5635724743777453
2 0.736044921875 0.11267935578330893 0.154736328125 0.17399707174231333
6 0.79642578125 0.6680819912152269 0.254453125 0.6638360175695461
0 0.20890625 0.5181844802342607 0.3627734375 0.9636310395314788
0 0.513330078125 0.5715812591508053 0.307763671875 0.8568374816983895
0 0.8167578125 0.5115080527086384 0.33203125 0.9769692532942899
3 0.72443359375 0.20431918008784775 0.129619140625 0.07320644216691069
3 0.481181640625 0.33275256222547583 0.142041015625 0.06920937042459736
3 0.304951171875 0.20764275256222547 0.132275390625 0.09317715959004393