2 0.27011182108626197 0.12054313099041533 0.24252396166134185 0.23817891373801917
2 0.5227955271565495 0.2069329073482428 0.19605431309904153 0.23961661341853036
2 0.7656869009584665 0.14233226837060703 0.21710862619808305 0.28172523961661344
1 0.3165814696485623 0.2468690095846645 0.13940894568690096 0.1539297124600639
1 0.5144568690095846 0.29987220447284346 0.1604632587859425 0.12635782747603833
1 0.7555111821086262 0.2468690095846645 0.17063897763578273 0.12488817891373803
6 0.24797124600638976 0.7265495207667731 0.28536741214057504 0.5469009584664537
6 0.525702875399361 0.743961661341853 0.22798722044728434 0.5120447284345048
6 0.780926517571885 0.7098402555910543 0.25485623003194885 0.5802875399361023
0 0.8099840255591054 0.5007348242811501 0.32456869009584666 0.9985623003194889
0 0.525335463258786 0.51814696485623 0.23889776357827477 0.9637060702875399
0 0.24252396166134185 0.5007348242811501 0.3165814696485623 0.9985623003194889