1 0.7540969162995594 0.11061818181818182 0.4918061674008811 0.22123636363636365
1 0.25215859030837 0.1277090909090909 0.50431718061674 0.19287272727272728
1 0.13484581497797357 0.31166363636363636 0.24783259911894276 0.16805454545454546
1 0.3786784140969163 0.31003636363636367 0.24211453744493394 0.1247909090909091
1 0.6110660792951541 0.3180636363636364 0.20292511013215858 0.10641818181818181
1 0.8585991189427312 0.33548181818181816 0.22926872246696037 0.1175090909090909
1 0.8640969162995594 0.4701818181818182 0.26369162995594714 0.07780909090909091
1 0.6029955947136564 0.45072727272727275 0.2290748898678414 0.108
1 0.36656387665198237 0.44981818181818184 0.2437885462555066 0.09527272727272727
1 0.1337885462555066 0.446 0.23867841409691629 0.12036363636363637
1 0.1179295154185022 0.5594272727272728 0.22810572687224667 0.09994545454545455
1 0.35665198237885465 0.5808727272727273 0.24388546255506607 0.10647272727272727
1 0.6027753303964758 0.5817818181818182 0.2674096916299559 0.10465454545454546
1 0.8688105726872247 0.5761454545454545 0.24265198237885466 0.11883636363636363
1 0.856 0.7003 0.2728546255506608 0.09441818181818182
1 0.6119823788546256 0.6988454545454545 0.23577092511013217 0.0915090909090909
1 0.3662114537444934 0.6932090909090909 0.2515418502202643 0.0766
1 0.1257180616740088 0.6966636363636364 0.2215066079295154 0.08714545454545454
1 0.1205726872246696 0.8080818181818181 0.2228193832599119 0.11726363636363638
1 0.12198237885462554 0.923690909090909 0.21155066079295157 0.11574545454545454
1 0.3605374449339207 0.9342363636363638 0.21639647577092513 0.10047272727272727
1 0.372863436123348 0.8057272727272727 0.219920704845815 0.10162727272727273
1 0.6098325991189427 0.8073636363636364 0.239215859030837 0.10126363636363636
1 0.6133568281938325 0.923509090909091 0.23216740088105725 0.10447272727272727
1 0.8635330396475771 0.801 0.23912775330396477 0.09945454545454546
1 0.8614185022026432 0.9269636363636363 0.2067136563876652 0.08593636363636364