0 0.29921875 0.54019014693172 0.3734375 0.7260155574762316
0 0.6015625 0.5520743301642178 0.196875 0.7497839239412273
0 0.853125 0.549913569576491 0.284375 0.7627484874675886
6 0.33984375 0.6298617113223854 0.2734375 0.5121002592912706
5 0.61484375 0.6633535004321521 0.1796875 0.3975799481417459
2 0.40278125000000004 0.2615298184961106 0.17806875000000003 0.13036300777873813
3 0.43113124999999997 0.331961970613656 0.0872625 0.06582541054451166
3 0.60511875 0.3954883318928263 0.0852375 0.05113223854796888
2 0.62298125 0.2978133102852204 0.1559625 0.1511408815903198
2 0.787175 0.23015557476231635 0.15435000000000001 0.16197925669835783
6 0.86 0.6499135695764909 0.28 0.518504753673293