6 0.38020625 0.6514693171996543 0.24895625 0.5207433016421781
6 0.86015625 0.6406655142610199 0.2390625 0.5553154710458081
2 0.40234375 0.24956784788245462 0.1828125 0.15341400172860847
2 0.78229375 0.24056179775280898 0.184375 0.18006050129645637
2 0.625 0.3035868625756266 0.15 0.13180639585133966
3 0.61823125 0.38965427830596366 0.115625 0.05330164217804667
3 0.41770625 0.33707865168539325 0.14166874999999998 0.06914433880726016
3 0.7598937499999999 0.324114088159032 0.103125 0.06914433880726016
5 0.6276062499999999 0.6943215211754538 0.21354375 0.43215211754537597
0 0.303125 0.5365859982713915 0.41666875 0.7677873811581677
0 0.6265625 0.557476231633535 0.215625 0.7260155574762316
0 0.84635625 0.530103716508211 0.30729375000000003 0.7865168539325843