0 0.6758241758241759 0.28923197185851085 0.6703296703296704 0.9888606605432871 0.865934065934066 0.9849521203830369 0.8505494505494506 0.15438733632988075 0.6791208791208792 0.16025014657025596
0 0.36373846153846157 0.5931190150478796 0.2263769230769231 0.8071135430916553
0 0.5803384615384616 0.5797674418604651 0.1937923076923077 0.7761285909712723
2 0.40595384615384617 0.24778385772913816 0.12451538461538462 0.12125854993160055
6 0.35018461538461537 0.665266757865937 0.1898923076923077 0.5595075239398085
2 0.5505615384615384 0.34927496580027356 0.10146153846153846 0.10080711354309166
2 0.7540692307692307 0.22383036935704514 0.13356153846153845 0.1144049247606019
6 0.7726615384615385 0.6777975376196991 0.13485384615384616 0.5253077975376197
3 0.42396153846153845 0.34443228454172364 0.05369230769230769 0.08352941176470588
3 0.5466538461538462 0.4383036935704514 0.0663923076923077 0.04554035567715458
5 0.5638846153846153 0.6449247606019152 0.17776153846153847 0.23309165526675785
5 0.7380846153846153 0.3021340629274966 0.07231538461538461 0.07076607387140903