2 0.5242957393483709 0.16226256983240225 0.14993984962406015 0.20086592178770948
2 0.28694235588972433 0.19391061452513966 0.14842105263157895 0.1673463687150838
2 0.699203007518797 0.27675977653631284 0.1448671679197995 0.19522346368715082
0 0.7438395989974937 0.6202979515828678 0.22500751879699246 0.7594040968342645
0 0.5220200501253133 0.5532588454376164 0.2415689223057644 0.8934823091247672
0 0.2770526315789474 0.5458100558659218 0.21823057644110275 0.9083798882681564
5 0.7488721804511278 0.7281191806331471 0.23659147869674185 0.5139664804469274
5 0.5203007518796993 0.6620111731843575 0.2646616541353383 0.5083798882681564
5 0.2781954887218045 0.659217877094972 0.21553884711779447 0.5400372439478585
3 0.7037593984962406 0.3426443202979516 0.09423558897243108 0.0595903165735568
3 0.5288220551378446 0.25605214152700184 0.10927318295739348 0.05772811918063315
3 0.28922305764411027 0.27001862197392923 0.08922305764411027 0.0633147113594041