6 0.19807692307692307 0.6785813148788927 0.2064076923076923 0.45366782006920414
6 0.4220076923076923 0.5975317185697808 0.16026153846153846 0.2979584775086505
2 0.19102307692307693 0.3306459054209919 0.13333076923076925 0.16531718569780854
2 0.41859230769230765 0.3123760092272203 0.0935923076923077 0.11341407151095732
2 0.8198692307692307 0.30469434832756637 0.1423076923076923 0.14801614763552481
0 0.18312307692307692 0.5895847750865052 0.2534230769230769 0.7055017301038062
0 0.4145307692307692 0.529284890426759 0.20256153846153846 0.5997693194925029
0 0.8243615384615385 0.6018915801614764 0.3512846153846154 0.7962283737024222
5 0.8247846153846154 0.5760553633217993 0.21367692307692304 0.2780968858131488
3 0.8123923076923076 0.3569088811995386 0.11538461538461539 0.06279123414071511
3 0.4175230769230769 0.3626758938869665 0.07606923076923076 0.04357554786620531
3 0.2 0.3748558246828143 0.09572307692307692 0.05510957324106113