6 0.1376153846153846 0.6851071428571429 0.17215384615384616 0.25875000000000004
6 0.32335897435897437 0.7047500000000001 0.17182051282051283 0.23375
6 0.8443589743589743 0.6333214285714286 0.3112820512820513 0.3052142857142857
1 0.18043589743589744 0.47696428571428573 0.10907692307692307 0.04964285714285714
3 0.35182051282051285 0.4819642857142857 0.039025641025641024 0.03107142857142857
1 0.5688205128205128 0.5688928571428571 0.08074358974358974 0.03710714285714286
1 0.8323589743589743 0.44035714285714284 0.08474358974358974 0.03717857142857143
2 0.17723076923076925 0.3998214285714286 0.13597435897435897 0.09539285714285714
2 0.36823076923076925 0.4142857142857143 0.11284615384615385 0.09217857142857143
2 0.8304358974358974 0.3678928571428572 0.09884615384615383 0.07075
0 0.1412051282051282 0.6415000000000001 0.16907692307692307 0.5715714285714285
0 0.330025641025641 0.6495357142857143 0.18515384615384614 0.5555
0 0.5713846153846154 0.6961428571428571 0.23761538461538462 0.4593928571428571
0 0.8338974358974359 0.6282857142857142 0.2518974358974359 0.5951428571428571