6 0.23563 0.7408245877061469 0.25125 0.5183658170914542
6 0.77375 0.7436281859070465 0.2475 0.512743628185907
0 0.19822 0.6124437781109445 0.3775 0.775112443778111
2 0.71125 0.22488755622188905 0.2 0.15367316341829085
2 0.49407 0.32796101949025486 0.1525 0.13493253373313344
2 0.30063 0.3129685157421289 0.17125 0.16116941529235382
5 0.5182 0.7663268365817091 0.23195 0.4598500749625188
3 0.502 0.43443778110944525 0.10401 0.05928035982008995
3 0.32266 0.4152473763118441 0.09198999999999999 0.06088455772113943
3 0.68289 0.3252623688155922 0.12578 0.0508095952023988
0 0.50899 0.6265967016491754 0.23799 0.746791604197901
0 0.76658 0.5632983508245878 0.30205 0.8734032983508245