2 0.2315821501014199 0.39517857142857143 0.10778904665314401 0.15035714285714286
2 0.3543813387423935 0.35128571428571426 0.08766734279918864 0.15539285714285714
2 0.4968559837728195 0.2761071428571429 0.09470588235294117 0.18007142857142858
6 0.5440567951318459 0.677 0.17464503042596347 0.5540357142857143
6 0.36586206896551726 0.7054285714285715 0.16726166328600403 0.4065714285714286
6 0.21099391480730223 0.7329285714285714 0.15383367139959434 0.39728571428571424
0 0.20332657200811358 0.5935714285714285 0.1542393509127789 0.6415357142857143
0 0.35141987829614607 0.5943214285714286 0.14058823529411765 0.6565357142857143
0 0.5347667342799188 0.5561428571428572 0.17460446247464503 0.6937142857142857
3 0.4907505070993915 0.35514285714285715 0.04845841784989858 0.06746428571428571
3 0.3532860040567951 0.4325357142857143 0.10028397565922921 0.05557142857142857
3 0.2484787018255578 0.46132142857142855 0.039432048681541584 0.06546428571428571