0 0.36380859375 0.6449487554904831 0.075712890625 0.342796486090776
2 0.361962890625 0.4928550512445095 0.039833984375 0.04062957540263543
0 0.48056640625 0.745592972181552 0.099736328125 0.508814055636896
0 0.572998046875 0.7335285505124451 0.089912109375 0.522298682284041
0 0.843369140625 0.724407027818448 0.119306640625 0.5369838945827232
0 0.412490234375 0.6098828696925329 0.048115234375 0.225095168374817
4 0.81720703125 0.49380673499267935 0.05060546875 0.06654465592972182
5 0.83984375 0.6468814055636896 0.102978515625 0.19964860907759885
4 0.409716796875 0.5237628111273792 0.03107421875 0.041259150805270865
4 0.55796875 0.5077891654465593 0.05060546875 0.05723279648609078
5 0.570849609375 0.6675109809663251 0.072802734375 0.2302635431918009
4 0.473193359375 0.5370717423133236 0.0621484375 0.06522693997071742
5 0.4833984375 0.690805270863836 0.0648046875 0.19964860907759885
5 0.3648828125 0.5789897510980966 0.046162109375 0.1224597364568082