2 0.67171875 0.2697569444444444 0.2040625 0.2902430555555556
2 0.3604296875 0.23906249999999998 0.145078125 0.1996527777777778
1 0.356015625 0.38232638888888887 0.06552734375 0.07680555555555556
1 0.60564453125 0.42232638888888885 0.102734375 0.10197916666666668
1 0.248515625 0.17552083333333332 0.07083984375 0.057916666666666665
6 0.72599609375 0.7587847222222223 0.2632421875 0.48243055555555553
6 0.42015625 0.71875 0.206953125 0.5625347222222222
0 0.231640625 0.46406250000000004 0.100390625 0.8162847222222223
0 0.407265625 0.5609027777777778 0.24291015625 0.8781597222222222
0 0.7074609375 0.5539583333333333 0.303359375 0.8920833333333333
2 0.240390625 0.11951388888888889 0.07962890625 0.08413194444444444
6 0.21822265625 0.3158333333333333 0.05333984375 0.08145833333333334