2 0.1640625 0.19122731201382887 0.10625 0.11884183232497839
6 0.14375 0.4505185825410544 0.1625 0.3089887640449438
2 0.538725 0.18573033707865166 0.10786875 0.10467588591184097
2 0.8427875 0.12248919619706136 0.10181875 0.08190146931719966
2 0.43908749999999996 0.7638980121002593 0.10818125 0.09996542783059637
0 0.1590125 0.5239930855661192 0.2126125 0.7904235090751944
0 0.37625625 0.6301987899740709 0.24875624999999998 0.5810458081244598
6 0.35199375000000005 0.6717977528089888 0.16231874999999998 0.33293863439930854
6 0.84578125 0.414019014693172 0.16155625 0.3198271391529819
0 0.56249375 0.5257130509939498 0.24749375 0.7973120138288677
0 0.85311875 0.49909248055315475 0.25581875 0.8414433880726016
3 0.8421875 0.16350043215211754 0.071875 0.05905790838375108
5 0.5520812500000001 0.43359550561797755 0.17708125 0.24777009507346587
3 0.525 0.21319792566983578 0.07916875 0.0460933448573898
4 0.35104375 0.39109766637856525 0.10625 0.08498703543647364
3 0.3546875 0.44007778738115816 0.078125 0.044658599827139156
3 0.1671875 0.22687986171132238 0.08645625000000001 0.05330164217804667