0 0.31171875 0.5466724286949006 0.4390625 0.7433016421780466
0 0.60859375 0.5668366464995679 0.25573125 0.7044079515989629
0 0.8484375 0.5164217804667243 0.265625 0.808124459809853
2 0.37421875 0.25821089023336213 0.1328125 0.15341400172860847
2 0.64375 0.2841400172860847 0.13125 0.1404494382022472
2 0.79323125 0.20923076923076925 0.146875 0.162057044079516
6 0.3362 0.6010544511668107 0.25364375 0.42854796888504754
6 0.87083125 0.5679170267934314 0.22708124999999998 0.4660069144338807
3 0.79948125 0.28450302506482283 0.11770625000000001 0.05330164217804667
3 0.65625 0.3514866032843561 0.10833125 0.06050129645635264
3 0.38073124999999997 0.32699222126188415 0.115625 0.06337942955920484
5 0.61875 0.6100518582541055 0.21666875000000002 0.3500432152117545