1 0.3544 0.32234999999999997 0.22674285714285713 0.176125
1 0.763 0.3593 0.15212857142857142 0.096475
2 0.7769142857142858 0.214925 0.1955714285714286 0.274425
2 0.5845 0.13442500000000002 0.23345714285714284 0.2676
2 0.31015714285714285 0.118925 0.29845714285714287 0.23785
6 0.6540857142857143 0.788025 0.33305714285714283 0.423975
3 0.6067714285714286 0.277625 0.20601428571428573 0.097375
6 0.34474285714285713 0.8 0.4142857142857143 0.4
0 0.2782 0.5 0.4 1
0 0.6045142857142858 0.5 0.26465714285714287 1
0 0.85 0.501975 0.3 0.99605