2 0.29421538461538466 0.47874133949191683 0.15546923076923078 0.14587759815242493
2 0.43668461538461545 0.4503002309468822 0.1590769230769231 0.2440415704387991
0 0.2511923076923077 0.6954849884526558 0.23571538461538463 0.6090300230946881
0 0.5133846153846153 0.6657852193995382 0.31211538461538463 0.6684295612009238
2 0.7234384615384616 0.3457274826789838 0.18186923076923078 0.1765242494226328
3 0.7288461538461538 0.4484180138568129 0.11153846153846154 0.1424133949191686
3 0.4448692307692308 0.48498845265588914 0.09486923076923076 0.08467667436489607
5 0.2692307692307692 0.8396882217090069 0.18717692307692307 0.320635103926097
5 0.5282076923076923 0.7646304849884527 0.21282307692307695 0.47075057736720555
5 0.8185923076923077 0.7742494226327945 0.25256153846153845 0.4515011547344111
0 0.8166692307692308 0.6549307159353348 0.3666692307692308 0.6901501154734411
3 0.29936153846153846 0.5619745958429562 0.11923076923076924 0.08083140877598152