0 0.7834871794871795 0.5386785714285715 0.433025641025641 0.7877142857142857
0 0.5838205128205128 0.6782142857142858 0.23646153846153845 0.4583214285714286
0 0.36966666666666664 0.6507857142857143 0.26353846153846155 0.5635
0 0.2735128205128205 0.6339285714285714 0.46153846153846156 0.59325
1 0.17735897435897435 0.4791785714285714 0.1096923076923077 0.05753571428571428
1 0.5719487179487179 0.5724285714285714 0.10112820512820513 0.04960714285714286
2 0.17023076923076924 0.40775 0.14102564102564102 0.125
2 0.3604102564102564 0.42657142857142855 0.14246153846153847 0.10317857142857143
2 0.5712307692307692 0.5071785714285714 0.12338461538461538 0.10407142857142858
2 0.8219487179487179 0.374 0.12251282051282052 0.10514285714285715
6 0.13905128205128203 0.7384642857142858 0.17553846153846153 0.3881071428571429
6 0.34225641025641024 0.7567142857142857 0.18638461538461537 0.32753571428571426
6 0.8588717948717948 0.7370000000000001 0.2822820512820513 0.3672142857142857
5 0.5867692307692308 0.7726785714285714 0.16964102564102562 0.21289285714285713