0 0.8912 0.5680499999999999 0.1527777777777778 0.8638833333333334
0 0.49583333333333335 0.6083333333333333 0.2638888888888889 0.7833333333333333
0 0.1773111111111111 0.5791666666666667 0.20092222222222222 0.8416666666666667
0 0.3240777777777778 0.6284666666666666 0.1037 0.74305
0 0.058333333333333334 0.63125 0.11481111111111111 0.7375
0 0.6856444444444445 0.6007 0.16018888888888888 0.7986166666666666
0 0.7638888888888888 0.38194999999999996 0.10741111111111111 0.4388833333333333
2 0.8935222222222222 0.22916666666666666 0.14629999999999999 0.16388333333333333
2 0.17777777777777778 0.2472166666666667 0.1703666666666667 0.18055
2 0.3273111111111111 0.32361666666666666 0.10277777777777777 0.12778333333333333
2 0.5263888888888889 0.31666666666666665 0.19722222222222222 0.19721666666666665
2 0.6865777777777777 0.29236666666666666 0.15833333333333333 0.17083333333333334
2 0.7652777777777777 0.25416666666666665 0.10833333333333334 0.15555
2 0.23842222222222223 0.17291666666666666 0.125 0.13471666666666665
2 0.08842222222222222 0.30763333333333337 0.07314444444444444 0.08471666666666666
6 0.18055555555555555 0.7027833333333333 0.1703666666666667 0.56945
6 0.5041666666666667 0.76875 0.23425555555555558 0.4625
6 0.6861111111111111 0.70555 0.14629999999999999 0.5388833333333333
6 0.8671333333333333 0.6479166666666667 0.17129999999999998 0.5458333333333333
6 0.32222222222222224 0.5909666666666666 0.07963333333333333 0.33194999999999997
6 0.03657777777777778 0.5486166666666666 0.06203333333333333 0.31111666666666665