2 0.2507221006564551 0.2200121802679659 0.15133479212253828 0.11638246041412911
6 0.22682713347921224 0.45395858708891595 0.16605032822757113 0.31976857490864796
2 0.4210284463894967 0.17934226552984167 0.0949343544857768 0.09420219244823387
6 0.42456236323851204 0.37272838002436054 0.20308533916849017 0.2079658952496955
2 0.6103391684901532 0.19735688185140074 0.11721006564551421 0.11629719853836785
6 0.6280853391684902 0.4147015834348356 0.14331509846827134 0.3039098660170524
2 0.7213785557986871 0.16875761266747868 0.14235229759299783 0.10086479902557857
6 0.7709628008752735 0.4406090133982948 0.14322757111597373 0.3418026796589525
0 0.7573522975929978 0.548721071863581 0.1823522975929978 0.902557856272838
0 0.6090481400437636 0.5548112058465287 0.15317286652078774 0.8903775883069428
0 0.42061269146608316 0.5541291108404385 0.184781181619256 0.8917295980511571
0 0.21030634573304158 0.5615834348355664 0.2090919037199125 0.8768453105968331