2 0.6470874999999999 0.2804494382022472 0.11868124999999999 0.11394122731201384
2 0.78156875 0.21150388936905792 0.11763125 0.1584874675885912
2 0.38378124999999996 0.2560847018150389 0.1404375 0.13155574762316335
3 0.3801375 0.3289974070872947 0.104775 0.034995678478824545
3 0.65659375 0.35318928262748484 0.07768125000000001 0.02807260155574762
3 0.7906875 0.27128781331028523 0.11338125 0.05967156439066552
6 0.34113124999999994 0.589541918755402 0.2367625 0.4454710458081244
0 0.6217125 0.6764649956784788 0.22541875 0.47065687121866895
6 0.8574625 0.5739930855661193 0.24808125 0.4627571305099395
0 0.314125 0.6095678478824547 0.36274999999999996 0.6099827139152982
0 0.6179625 0.6322126188418323 0.22291875 0.5895764909248056
0 0.85945625 0.5969490060501296 0.24408124999999997 0.6573379429559204