0 0.4987348484848485 0.6090396158463385 0.4166666666666667 0.7819087635054022
0 0.8611136363636365 0.5 0.2777727272727273 1
0 0.23990151515151517 0.5770348139255702 0.37626515151515155 0.8459303721488595
2 0.22411363636363635 0.28811524609843936 0.2361136363636364 0.26810324129651864
2 0.4551818181818182 0.32013205282112844 0.1553030303030303 0.19607442977190878
2 0.9015151515151515 0.088031212484994 0.19696969696969696 0.176062424969988
1 0.2840909090909091 0.35914765906362545 0.06818181818181818 0.058019207683073226
1 0.4501212121212121 0.4061584633853541 0.13509848484848486 0.07202881152460984
1 0.9034090909090909 0.21208883553421368 0.16287878787878787 0.068031212484994
6 0.8952045454545455 0.6640696278511404 0.20959848484848487 0.6718727490996398
6 0.4823257575757575 0.7551020408163265 0.3484848484848485 0.4897959183673469
6 0.20075757575757575 0.7481032412965185 0.3333333333333333 0.5038055222088835