2 0.3569230769230769 0.29362101313320826 0.18153846153846154 0.14446529080675422
2 0.7323076923076923 0.31613508442776733 0.12307692307692308 0.09568480300187618
2 0.22538461538461538 0.3714821763602251 0.06 0.04878048780487805
6 0.20153846153846153 0.5121951219512195 0.07076923076923076 0.18386491557223264
6 0.3535153846153846 0.6834615384615385 0.30351538461538463 0.4561819887429644
6 0.7549461538461538 0.6139118198874296 0.28395384615384617 0.24524390243902439
0 0.3645076923076923 0.5584333958724202 0.3422 0.7110694183864915
0 0.7498923076923077 0.5131332082551595 0.3046153846153846 0.5030863039399625
3 0.7302230769230769 0.37858348968105066 0.0890076923076923 0.060309568480300196
1 0.37472307692307694 0.3618292682926829 0.14725384615384615 0.08576923076923078
0 0.21153846153846154 0.4878048780487805 0.10659230769230768 0.29750469043151967