0 0.4052820512820513 0.6131071428571429 0.18661538461538463 0.6190357142857144
0 0.6125384615384615 0.6656785714285713 0.24502564102564103 0.52975
0 0.8468717948717948 0.6041785714285713 0.27776923076923077 0.6448571428571429
0 0.2044102564102564 0.6289642857142858 0.22648717948717947 0.5992142857142857
1 0.23574358974358975 0.4375 0.09258974358974359 0.04960714285714286
1 0.6082564102564103 0.5118928571428571 0.07976923076923077 0.047607142857142855
2 0.2378974358974359 0.3779642857142857 0.10825641025641025 0.10514285714285715
2 0.4138205128205128 0.3690357142857143 0.10112820512820513 0.11903571428571429
2 0.6132564102564102 0.4593214285714286 0.10684615384615385 0.10914285714285714
2 0.794 0.3341071428571428 0.10400000000000001 0.10117857142857142
6 0.20584615384615385 0.7184642857142857 0.22364102564102564 0.41667857142857145
6 0.4052820512820513 0.7103214285714285 0.19230769230769232 0.42857142857142855
6 0.6189487179487179 0.7559642857142856 0.2322051282051282 0.34525
6 0.8570000000000001 0.7073571428571429 0.25784615384615384 0.4305714285714286
3 0.41725641025641025 0.42807142857142855 0.06061538461538462 0.06067857142857142
3 0.7929999999999999 0.40639285714285717 0.09182051282051283 0.04657142857142857