2 0.7987447108603667 0.16474576271186442 0.1842595204513399 0.18400423728813559
2 0.5424400564174894 0.2628813559322034 0.16795486600846263 0.18341101694915252
2 0.37244005641748945 0.22735169491525425 0.1353314527503526 0.18298728813559323
2 0.24194640338504936 0.17485169491525424 0.18359661495063467 0.25451271186440677
1 0.26038081805359664 0.2969915254237288 0.11830747531734837 0.16601694915254236
1 0.3572355430183357 0.34906779661016946 0.11633286318758816 0.11834745762711864
1 0.543638928067701 0.38631355932203393 0.13007052186177714 0.0842584745762712
0 0.8466995768688292 0.5273093220338982 0.29520451339915377 0.9347457627118644
0 0.5747954866008462 0.5871398305084745 0.2536953455571227 0.8257415254237288
0 0.17179125528913963 0.51125 0.3435966149506347 0.9775
0 0.35052186177715094 0.5663983050847458 0.195049365303244 0.8672245762711864
6 0.11942172073342737 0.6820338983050848 0.2388293370944993 0.6359322033898306
6 0.35586741889985896 0.7391737288135592 0.15730606488011284 0.5216101694915254
6 0.5626516220028209 0.7537499999999999 0.20332863187588152 0.492478813559322
3 0.7858815232722145 0.27078389830508476 0.14016925246826514 0.07548728813559323
5 0.8643300423131169 0.6071186440677966 0.2283215796897038 0.38004237288135595