6 0.1342375 0.35719999999999996 0.09567500000000001 0.35263333333333335
2 0.1640625 0.07566666666666666 0.055212500000000005 0.14576666666666666
2 0.292375 0.14613333333333334 0.07225 0.1367
6 0.2911125 0.36876666666666663 0.09313750000000001 0.28296666666666664
2 0.4186875 0.08946666666666667 0.06862499999999999 0.11223333333333334
6 0.42715000000000003 0.32893333333333336 0.09387499999999999 0.33563333333333334
2 0.5673875 0.14900000000000002 0.0618625 0.11463333333333334
6 0.57825 0.4159666666666667 0.08985 0.3764
0 0.7018375 0.5431333333333334 0.10661250000000001 0.9137333333333334
0 0.4239 0.5078333333333334 0.11838749999999999 0.9804
0 0.28015 0.5274666666666668 0.126475 0.9215666666666668
0 0.116175 0.4990333333333334 0.1867625 0.9902