2 0.40478125 0.29662382176520996 0.16954999999999998 0.14823479005998286
0 0.8502249999999999 0.5529220222793487 0.29954375 0.720248500428449
2 0.62945625 0.34796915167095116 0.17683125 0.1520822622107969
0 0.61565625 0.5880634104541559 0.24235625 0.6556983718937447
2 0.8043875 0.289280205655527 0.20294374999999998 0.18609254498714653
6 0.87416875 0.6889545844044559 0.25166875 0.44104541559554417
0 0.288125 0.5477463581833762 0.40541875 0.7327420736932305
5 0.6234375 0.7047986289631534 0.24375 0.3684661525278492
6 0.3908875 0.6947986289631535 0.19114375 0.4270179948586118
3 0.4125 0.38131962296486716 0.140625 0.05998286203941731
3 0.6265625 0.4305912596401028 0.11875 0.05998286203941731
3 0.7546875 0.36953727506426737 0.053125 0.05784061696658098