0 0.53286 0.5043928035982009 0.24 0.8931184407796102
0 0.70714 0.4808245877061469 0.20571 0.8331484257871065
0 0.35429 0.4808245877061469 0.20571 0.8545727136431784
2 0.37429 0.09530734632683659 0.06856999999999999 0.08352323838080959
2 0.68571 0.11244377811094453 0.06856999999999999 0.09209895052473763
2 0.59929 0.39944527736131935 0.07856999999999999 0.10494752623688156
6 0.37571 0.3394752623688156 0.14286000000000001 0.2934182908545727
6 0.52643 0.3469715142428786 0.16429 0.3169865067466267
6 0.68714 0.35125937031484256 0.12857 0.29556221889055473
4 0.5238200000000001 0.07457271364317841 0.06765 0.06407796101949026
3 0.5319400000000001 0.12737631184407794 0.05055 0.03487256371814093
3 0.37321 0.13557721139430287 0.04864 0.041274362818590704
3 0.68443 0.1471664167916042 0.04664 0.02446776611694153