2 0.6324153846153846 0.2843502051983584 0.08022307692307692 0.1153077975376197
2 0.7170846153846154 0.3524487004103967 0.11176153846153845 0.1459781121751026
2 0.8258230769230769 0.2393980848153215 0.13296923076923078 0.14656634746922026
6 0.6109923076923076 0.6486183310533515 0.1252769230769231 0.40179206566347464
6 0.8609923076923076 0.6478385772913816 0.16153846153846155 0.5217920656634747
0 0.7236846153846154 0.6459781121751026 0.1275846153846154 0.708030095759234
0 0.8537923076923077 0.5783720930232559 0.19725384615384617 0.8432558139534884
0 0.6118692307692307 0.6119835841313269 0.16373846153846155 0.7705608755129959
5 0.7269230769230769 0.6415868673050615 0.08923076923076922 0.26265389876880985
3 0.813076923076923 0.3036935704514364 0.09692307692307692 0.060191518467852256
3 0.7146153846153847 0.4186046511627907 0.08153846153846153 0.05198358413132695
3 0.6288461538461538 0.35772913816689467 0.06846153846153846 0.0506155950752394