0 0.24583333333333332 0.5915422885572139 0.18125 0.8169154228855722
0 0.40989583333333335 0.6024875621890547 0.140625 0.7950248756218905
0 0.6543177083333334 0.5589950248756218 0.13779687499999999 0.8820199004975124
6 0.2526041666666667 0.5850746268656717 0.13854166666666667 0.481592039800995
6 0.41458333333333336 0.5830845771144278 0.13958333333333334 0.4019900497512438
6 0.5614583333333333 0.5741293532338309 0.18333333333333332 0.5830845771144278
6 0.6755208333333333 0.5034825870646766 0.09479166666666666 0.4616915422885572
4 0.6339270833333334 0.19047761194029852 0.08184374999999999 0.09382089552238806
4 0.2689739583333333 0.23738308457711443 0.10788541666666666 0.11087562189054727
4 0.4192708333333333 0.263681592039801 0.091515625 0.11229850746268656
4 0.5353437499999999 0.13930348258706468 0.09449479166666667 0.1421492537313433
3 0.30952604166666664 0.25941293532338305 0.028276041666666665 0.04122388059701493
3 0.4296875 0.30561194029850747 0.06324479166666667 0.056855721393034825
0 0.549109375 0.5131442786069652 0.19494270833333335 0.9694427860696517