2 0.36985759493670883 0.10292161520190023 0.13844936708860758 0.1543942992874109
2 0.5307278481012658 0.35135391923990494 0.09098101265822785 0.08907363420427554
2 0.7298259493670886 0.19102137767220903 0.11207278481012659 0.11282660332541568
1 0.3764556962025316 0.17914489311163895 0.10944620253164557 0.10491686460807602
1 0.52875 0.41073634204275533 0.07120253164556962 0.04156769596199525
1 0.7238924050632911 0.2494061757719715 0.0949367088607595 0.05147268408551069
6 0.3329430379746835 0.5671021377672208 0.2623892405063291 0.504750593824228
6 0.5392879746835443 0.6512351543942994 0.16087025316455697 0.36420427553444185
6 0.7568512658227848 0.5473159144893112 0.1819620253164557 0.44536817102137766
0 0.3125 0.5072684085510689 0.297120253164557 0.9854869358669833
0 0.5452215189873417 0.6454869358669834 0.1674525316455696 0.7090261282660333
0 0.7736392405063292 0.5574109263657957 0.24525316455696203 0.8614489311163895