4 0.73125 0.17175925925925925 0.06458333333333334 0.07685185185185185
4 0.8555052083333333 0.2096574074074074 0.06666666666666667 0.09444444444444444
4 0.28229166666666666 0.22037037037037038 0.0625 0.08333333333333333
4 0.5651041666666666 0.22592592592592592 0.05416666666666667 0.08888888888888889
4 0.071875 0.27314814814814814 0.065625 0.1037037037037037
0 0.7149166666666668 0.3376296296296296 0.1359375 0.42314814814814816
6 0.7166666666666667 0.3851851851851852 0.084375 0.2722222222222222
6 0.8302083333333333 0.4310185185185185 0.08645833333333333 0.2712962962962963
6 0.5651041666666666 0.4351851851851852 0.09375 0.2851851851851852
6 0.28020833333333334 0.45046296296296295 0.11666666666666667 0.28055555555555556
6 0.11380208333333333 0.4564814814814815 0.09427083333333333 0.21666666666666667
0 0.554203125 0.5556203703703704 0.1328125 0.7453703703703703
0 0.10554166666666666 0.5505277777777778 0.14635416666666667 0.6796296296296296
0 0.8374270833333333 0.5543611111111112 0.184375 0.7669351851851851
0 0.29665104166666667 0.5732777777777778 0.15952604166666667 0.7989444444444445