2 0.38 0.5820393374741201 0.027428571428571427 0.022256728778467908
2 0.7655714285714286 0.592391304347826 0.03 0.03260869565217391
2 0.2987142857142857 0.6045548654244306 0.022 0.025879917184265012
2 0.44971428571428573 0.6045548654244306 0.026857142857142857 0.025879917184265012
2 0.9008571428571429 0.6086956521739131 0.026285714285714287 0.023809523809523808
2 0.6274285714285714 0.6174948240165632 0.01657142857142857 0.031055900621118012
2 0.6888571428571428 0.6190476190476191 0.019428571428571427 0.023809523809523808
2 0.23085714285714284 0.6216356107660456 0.02057142857142857 0.018633540372670808
2 0.5798571428571428 0.6242236024844721 0.018571428571428572 0.023809523809523808
2 0.5168571428571429 0.6275879917184265 0.018285714285714287 0.030538302277432712
0 0.7677142857142857 0.7183385093167701 0.07714285714285714 0.291407867494824
0 0.902 0.7223084886128365 0.04857142857142857 0.2665631469979296
0 0.6284771428571428 0.7227380952380952 0.06628571428571428 0.2587991718426501
0 0.5745228571428571 0.7304192546583851 0.06885714285714285 0.25
0 0.38185714285714284 0.7329192546583851 0.06542857142857143 0.3136645962732919
0 0.5207142857142857 0.7342132505175983 0.048857142857142856 0.2386128364389234
0 0.4516657142857143 0.7320548654244307 0.057428571428571426 0.2981366459627329
0 0.22295142857142858 0.7372308488612836 0.05714285714285714 0.2608695652173913
0 0.6912857142857143 0.7240320910973085 0.07571428571428572 0.2665631469979296
0 0.29114285714285715 0.7437888198757764 0.052571428571428575 0.2888198757763975
0 0.32785714285714285 0.7458592132505176 0.040285714285714286 0.2463768115942029
5 0.37857142857142856 0.6771894409937887 0.03333428571428571 0.08109213250517598
5 0.22952285714285717 0.7047981366459628 0.03238 0.09144409937888198
5 0.29285714285714287 0.6875414078674947 0.03142857142857143 0.06728778467908902
5 0.3242857142857143 0.7091097308488613 0.018094285714285716 0.062111801242236024
5 0.4471428571428571 0.6849534161490682 0.029522857142857142 0.08971532091097309
5 0.57238 0.6935817805383023 0.01904857142857143 0.07936335403726709
5 0.5185714285714286 0.7039337474120083 0.016191428571428572 0.08281573498964803
5 0.6195228571428572 0.6789182194616977 0.016191428571428572 0.07074016563146997
5 0.6909514285714285 0.6909937888198758 0.02380857142857143 0.06383540372670807
5 0.7638085714285714 0.6806418219461697 0.03619142857142857 0.1052432712215321
5 0.8980942857142857 0.6901293995859212 0.03809428571428572 0.09316770186335403
2 0.3266657142857143 0.6323343685300208 0.026665714285714286 0.025879917184265012
3 0.3842857142857143 0.5995496894409937 0.02 0.015527950310559006