0 0.839990234375 0.5601024890190337 0.21875 0.8433382137628112
0 0.677734375 0.5915080527086384 0.173828125 0.6910688140556369
0 0.5556640625 0.5710102489019033 0.1484375 0.5036603221083455
0 0.4287109375 0.5065885797950219 0.125 0.4802342606149341
2 0.796875 0.18448023426061494 0.099609375 0.08784773060029283
2 0.6494140625 0.2781844802342606 0.0703125 0.07027818448023426
2 0.396171875 0.31139092240117133 0.052734375 0.06149341142020498
2 0.521484375 0.35531478770131775 0.060546875 0.06149341142020498
6 0.8408203125 0.4453001464128843 0.2109375 0.3513909224011713
6 0.43052734375 0.46266471449487556 0.1015625 0.19912152269399708
6 0.67578125 0.5153733528550513 0.119140625 0.2752562225475842
6 0.5546875 0.5300146412884333 0.111328125 0.24597364568081992