0 0.665625 0.6847222222222222 0.07291666666666667 0.31574074074074077
0 0.5663194444444445 0.6719537037037038 0.06180555555555556 0.29907407407407405
0 0.49166666666666664 0.7157407407407408 0.07916666666666666 0.32407407407407407
0 0.44548611111111114 0.6921296296296297 0.03819444444444445 0.27314814814814814
0 0.3993055555555556 0.6955555555555556 0.06527777777777778 0.32592592592592595
0 0.32048611111111114 0.6782407407407407 0.059027777777777776 0.3194444444444444
0 0.2604166666666667 0.6724074074074075 0.05694444444444444 0.3055555555555556
2 0.33040972222222226 0.54 0.034722222222222224 0.03518518518518519
2 0.2722222222222222 0.5425925925925926 0.03333333333333333 0.03333333333333333
2 0.5692986111111111 0.5439814814814815 0.0375 0.03425925925925926
2 0.6520972222222222 0.5444444444444444 0.03819444444444445 0.03333333333333333
2 0.40868055555555555 0.5541666666666667 0.03125 0.03796296296296296
2 0.453125 0.5696388888888889 0.025694444444444443 0.027777777777777776
2 0.4866388888888889 0.5703518518518519 0.05277777777777778 0.03425925925925926
6 0.26493055555555556 0.6248055555555555 0.04513888888888889 0.11296296296296296
6 0.5661805555555556 0.6273148148148148 0.059027777777777776 0.11574074074074074
6 0.3193472222222222 0.628962962962963 0.05277777777777778 0.12037037037037036
6 0.6707986111111112 0.6328703703703704 0.0763888888888889 0.10648148148148148
6 0.40193749999999995 0.643324074074074 0.05277777777777778 0.13148148148148148
6 0.44166666666666665 0.65 0.02638888888888889 0.10925925925925926
6 0.4826388888888889 0.6717592592592593 0.059722222222222225 0.13055555555555556