0 0.8807692307692307 0.3125 0.06461538461538462 0.30625
0 0.8109692307692308 0.22321875 0.05384615384615385 0.21979166666666666
0 0.6526923076923077 0.234375 0.07769230769230769 0.17291666666666666
0 0.15884615384615386 0.21354166666666666 0.057692307692307696 0.1625
0 0.15692307692307692 0.5991562500000001 0.1646153846153846 0.6145833333333334
2 0.15983846153846154 0.14947916666666666 0.02923076923076923 0.036458333333333336
2 0.6538615384615385 0.17159375 0.03307692307692308 0.03854166666666667
2 0.8807692307692307 0.18697916666666667 0.036923076923076927 0.04479166666666667
6 0.8165384615384615 0.19969791666666667 0.03461538461538462 0.090625
6 0.16576923076923078 0.22313541666666667 0.05 0.09583333333333334
6 0.6580769230769231 0.25073958333333335 0.05615384615384615 0.10520833333333333
6 0.8686846153846154 0.27291666666666664 0.04384615384615385 0.12916666666666668
2 0.1679153846153846 0.3367604166666667 0.07 0.07395833333333333
6 0.15476923076923077 0.5174583333333334 0.10923076923076923 0.23854166666666668
2 0.43576923076923074 0.08072916666666667 0.023846153846153847 0.036458333333333336