0 0.089111328125 0.8160029498525073 0.09912109375 0.36799410029498525
0 0.1787109375 0.825589970501475 0.1767578125 0.34882005899705015
2 0.383544921875 0.851401179941003 0.09228515625 0.12020648967551623
2 0.36572265625 0.9155604719764012 0.1474609375 0.16887905604719763
2 0.525146484375 0.9756637168141593 0.13134765625 0.048672566371681415
2 0.2578125 0.32079646017699115 0.0810546875 0.0855457227138643
2 0.51806640625 0.32632743362831856 0.11328125 0.1467551622418879
2 0.37255859375 0.34365781710914456 0.0859375 0.09292035398230089
4 0.738525390625 0.34513274336283184 0.09521484375 0.15486725663716813
4 0.456298828125 0.34623893805309736 0.02880859375 0.08333333333333333
4 0.682373046875 0.37352507374631266 0.04833984375 0.1467551622418879
2 0.01806640625 0.4103982300884956 0.0361328125 0.06858407079646017
0 0.594482421875 0.431047197640118 0.11669921875 0.2234513274336283
4 0.951904296875 0.5575221238938053 0.09619140625 0.16666666666666666
2 0.094970703125 0.6902654867256637 0.08447265625 0.1224188790560472
2 0.17626953125 0.7153392330383481 0.11328125 0.1224188790560472
5 0.9549951171875 0.7491371681415929 0.0838232421875 0.23475663716814157
0 0.9484033203125 0.6680162241887906 0.1031884765625 0.44616519174041297
5 0.791015625 0.5518657817109145 0.146484375 0.2359882005899705
0 0.782470703125 0.4842699115044247 0.1961279296875 0.4941002949852507
3 0.7255029296875 0.3675 0.0594091796875 0.03932890855457227
3 0.6795263671875 0.3570575221238938 0.0358056640625 0.03564159292035398
0 0.6803369140625 0.42035398230088494 0.0618505859375 0.2851548672566372
0 0.0191259765625 0.6714601769911505 0.0382470703125 0.6570796460176991
0 0.22705078125 0.4529277286135693 0.1416015625 0.4412463126843658
0 0.3544091796875 0.4873377581120944 0.0935888671875 0.46337020648967553
0 0.4866552734375 0.5082374631268436 0.1448583984375 0.6207005899705015
5 0.2335595703125 0.520523598820059 0.1188134765625 0.29129793510324486
5 0.361328125 0.5549410029498525 0.0830078125 0.2691740412979351