2 0.25416666666666665 0.35833333333333334 0.026041666666666668 0.027777777777777776
2 0.3265625 0.36064814814814816 0.022916666666666665 0.032407407407407406
2 0.19140625 0.3625 0.0234375 0.03981481481481482
2 0.15338541666666666 0.387037037037037 0.022395833333333334 0.040740740740740744
5 0.26223958333333336 0.40694444444444444 0.033854166666666664 0.06944444444444445
5 0.19505208333333332 0.4111111111111111 0.024479166666666666 0.05925925925925926
5 0.3255208333333333 0.41064814814814815 0.026041666666666668 0.08425925925925926
5 0.39895833333333336 0.4185185185185185 0.03229166666666667 0.07777777777777778
0 0.26171875 0.4148148148148148 0.04114583333333333 0.15555555555555556
0 0.3263020833333333 0.4273148148148148 0.03697916666666667 0.1675925925925926
0 0.39375 0.4351851851851852 0.04479166666666667 0.16296296296296298
0 0.19557291666666668 0.42962962962962964 0.03177083333333333 0.16111111111111112
5 0.15729166666666666 0.4375 0.030208333333333334 0.0712962962962963
0 0.15364583333333334 0.4564814814814815 0.03333333333333333 0.1537037037037037
2 0.3963541666666667 0.3712962962962963 0.019791666666666666 0.03148148148148148