0 0.6454166666666666 0.5486666666666667 0.2777777777777778 0.9
0 0.3458333333333333 0.5708333333333333 0.25277777777777777 0.8583333333333333
6 0.6543055555555556 0.5898333333333333 0.2222222222222222 0.5208333333333334
6 0.34305555555555556 0.6041666666666666 0.225 0.475
0 0.17222222222222222 0.6145833333333334 0.23333333333333334 0.7708333333333334
5 0.18472222222222223 0.73125 0.18055555555555555 0.5041666666666667
2 0.6041666666666666 0.16875 0.1527777777777778 0.1375
2 0.2995833333333333 0.21641666666666665 0.11944444444444445 0.125
4 0.15833333333333333 0.26875 0.12777777777777777 0.1125
3 0.60125 0.24866666666666667 0.14516666666666667 0.06720833333333333
3 0.3068888888888889 0.2775416666666667 0.13172222222222224 0.0605
3 0.18236111111111114 0.326625 0.09230555555555554 0.059125