2 0.5408333333333334 0.2692307692307692 0.041666666666666664 0.05128205128205128
0 0.7257666666666667 0.3466410256410256 0.06 0.23846153846153847
0 0.5275 0.40897435897435896 0.09833333333333333 0.34615384615384615
2 0.13666666666666666 0.43333333333333335 0.08333333333333333 0.09230769230769231
0 0.14295 0.6198205128205128 0.16 0.47435897435897434
2 0.7383333333333333 0.25384615384615383 0.03333333333333333 0.046153846153846156
5 0.14229999999999998 0.6676410256410257 0.11538333333333334 0.2583846153846154
5 0.5262833333333333 0.41223076923076923 0.07051666666666667 0.16174358974358974
5 0.72885 0.34615384615384615 0.047433333333333334 0.12030769230769231
5 0.7833333333333333 0.31656410256410256 0.030766666666666668 0.10058974358974358
2 0.7948666666666667 0.23866666666666667 0.03333333333333333 0.03156410256410257