2 0.5385 0.2921980495123781 0.07 0.08477119279819954
2 0.7035 0.3158289572393098 0.085 0.08702175543885972
2 0.35575 0.350337584396099 0.0795 0.07351837959489872
0 0.5555 0.49774943735933985 0.169 0.5033758439609902
0 0.70225 0.5896474118529632 0.1475 0.6046511627906976
0 0.373 0.6211552888222055 0.2115 0.7051762940735183
5 0.369375 0.5532633158289573 0.11625 0.2175543885971493
5 0.736875 0.5298199549887472 0.12875 0.1706676669167292
3 0.54 0.33383345836459116 0.06 0.03375843960990248
3 0.6925 0.3657164291072768 0.06 0.015003750937734433
3 0.38375 0.38165791447861963 0.0475 0.028132033008252063