2 0.36533333333333334 0.2590909090909091 0.032 0.05909090909090909
2 0.6106666666666667 0.2772727272727273 0.042666666666666665 0.05
2 0.5233333333333333 0.29545454545454547 0.028 0.05
6 0.5 0.3068181818181818 0.05333333333333334 0.07272727272727272
5 0.4186666666666667 0.3306818181818182 0.058666666666666666 0.1431818181818182
0 0.5030133333333333 0.35527272727272724 0.084 0.18409090909090908
0 0.42074666666666666 0.378 0.08133333333333333 0.3704545454545455
2 0.33666666666666667 0.38295454545454544 0.03866666666666667 0.07045454545454545
2 0.6806666666666666 0.38295454545454544 0.04666666666666667 0.075
2 0.5946666666666667 0.4102272727272727 0.048 0.07954545454545454
4 0.20666666666666667 0.45681818181818185 0.037333333333333336 0.05
5 0.33266666666666667 0.49772727272727274 0.08133333333333333 0.17727272727272728
2 0.09066666666666667 0.5284090909090909 0.05333333333333334 0.07954545454545454
0 0.33282666666666666 0.5405681818181818 0.092 0.3977272727272727
5 0.586 0.5352272727272728 0.06266666666666666 0.18863636363636363
5 0.23066666666666666 0.5522727272727272 0.06666666666666667 0.13636363636363635
0 0.5950933333333334 0.5889090909090909 0.09466666666666666 0.45454545454545453
4 0.104 0.6068181818181818 0.042666666666666665 0.05
0 0.22232000000000002 0.613840909090909 0.08133333333333333 0.3704545454545455
2 0.766 0.65 0.04133333333333333 0.05
2 0.8126666666666666 0.6511363636363636 0.036 0.075
0 0.11694666666666666 0.6818181818181818 0.09333333333333334 0.21818181818181817
5 0.118 0.6886363636363636 0.08133333333333333 0.1318181818181818
5 0.8826666666666667 0.7147727272727272 0.08266666666666667 0.1159090909090909
2 0.49066666666666664 0.7340909090909091 0.04533333333333334 0.08181818181818182
0 0.8647466666666666 0.7220681818181818 0.14 0.22272727272727272
0 0.7368666666666667 0.7304090909090909 0.10933333333333334 0.2340909090909091
5 0.742 0.75 0.076 0.1409090909090909
5 0.43666666666666665 0.7511363636363636 0.07333333333333333 0.10681818181818181
0 0.45494666666666667 0.7798863636363635 0.148 0.20681818181818182
2 0.4046666666666667 0.225 0.04666666666666667 0.05
0 0.6850933333333334 0.4405 0.07450666666666667 0.2312727272727273
5 0.6831333333333334 0.45120454545454547 0.054906666666666666 0.08690909090909091