2 0.3157894736842105 0.31935307017543857 0.1440058479532164 0.16666666666666666
0 0.09996345029239766 0.5742872807017544 0.19992690058479531 0.7922149122807017
5 0.09740497076023392 0.5886787280701754 0.1915204678362573 0.3599232456140351
0 0.48830409356725146 0.5932017543859649 0.33223684210526316 0.8135964912280702
5 0.48656798245614036 0.7012061403508771 0.23336988304093567 0.48464912280701755
2 0.49725877192982454 0.2512335526315789 0.14875730994152048 0.16584429824561403
2 0.1006030701754386 0.26987390350877194 0.14126461988304093 0.17242324561403508
2 0.89546783625731 0.2891995614035088 0.11330409356725146 0.13432017543859648
3 0.5025584795321637 0.31935307017543857 0.10599415204678363 0.052083333333333336
3 0.3088450292397661 0.40981359649122806 0.10599415204678363 0.052083333333333336
3 0.09320175438596491 0.34539473684210525 0.0804093567251462 0.05482456140350877