2 0.8269230769230769 0.26741803278688525 0.2230769230769231 0.17008196721311475
2 0.18384615384615385 0.29200819672131145 0.19230769230769232 0.14959016393442623
2 0.65 0.3155737704918033 0.14 0.15163934426229508
0 0.8607692307692307 0.5812909836065574 0.2784615384615385 0.837438524590164
0 0.16973846153846153 0.5939139344262295 0.33949230769230765 0.8121516393442623
0 0.6146153846153846 0.6137295081967213 0.26103076923076923 0.7725409836065574
5 0.61 0.7161885245901639 0.23846153846153847 0.5676229508196722
5 0.1305076923076923 0.7421516393442623 0.25795384615384614 0.515717213114754
5 0.8684615384615385 0.7592213114754098 0.2630769230769231 0.48155737704918034
3 0.6338461538461538 0.36885245901639346 0.12923076923076923 0.07924180327868853
3 0.21949230769230768 0.37567622950819674 0.1518 0.0628483606557377