6 0.5166666666666667 0.5162721893491125 0.16666666666666666 0.3343195266272189
6 0.27666666666666667 0.5266272189349113 0.17 0.3136094674556213
5 0.7225 0.599112426035503 0.14833333333333334 0.3816568047337278
2 0.5058333333333334 0.22337278106508876 0.075 0.0621301775147929
2 0.2775 0.2440828402366864 0.07833333333333334 0.07396449704142012
2 0.7058333333333333 0.26627218934911245 0.07833333333333334 0.08875739644970414
0 0.7246166666666667 0.6035502958579881 0.19469999999999998 0.7928994082840237
0 0.51175 0.5766568047337278 0.19924999999999998 0.8466863905325444
0 0.26741666666666664 0.5759763313609467 0.22574999999999998 0.8480473372781064
3 0.2772666666666667 0.289792899408284 0.0606 0.04168639053254438
3 0.5053 0.26828402366863907 0.06818333333333333 0.04168639053254438
3 0.7075833333333333 0.3173668639053254 0.07726666666666666 0.04035502958579882