2 0.45800762631077213 0.19423462088698143 0.08388941849380362 0.09012875536480687
2 0.6720686367969495 0.21030042918454936 0.07816968541468065 0.10872675250357654
2 0.8331744518589133 0.2117310443490701 0.10104861773117255 0.08583690987124463
6 0.8446139180171592 0.41416309012875535 0.07816968541468065 0.24177396280400573
6 0.449952335557674 0.44635193133047213 0.11630123927550047 0.3061516452074392
6 0.6930409914204004 0.45064377682403434 0.14871306005719734 0.3032904148783977
0 0.44067683508102956 0.5722460658082976 0.20591039084842708 0.8555078683834049
0 0.6876644423260247 0.5722460658082976 0.2020972354623451 0.8555078683834049
0 0.8609914204003812 0.5736766809728183 0.16777883698760723 0.8526466380543634
1 0.46754051477597713 0.23929899856938486 0.08579599618684461 0.03901287553648069
1 0.6846329837940895 0.24645207439198857 0.06759771210676835 0.04812589413447783