3 0.3125830078125 0.7134652201659222 0.05517578125 0.08296107211231653
0 0.3356982421875 0.7156860242501596 0.08447265625 0.21378430121250797
2 0.299072265625 0.4250159540523293 0.04052734375 0.037013401403956606
2 0.6260595703125 0.4650031908104658 0.04345703125 0.05232929164007658
6 0.3030615234375 0.5091703892788768 0.080078125 0.052967453733248245
0 0.309326171875 0.49273771537970645 0.10107421875 0.2354818123803446
6 0.6357421875 0.5462667517549458 0.0537109375 0.08040842373962986
0 0.63142578125 0.5309189534141673 0.11865234375 0.2871729419272495
3 0.2964208984375 0.4514039566049777 0.0424365234375 0.017530312699425652
3 0.6293017578125 0.48438417358008934 0.047392578125 0.015430759412890875
3 0.3069970703125 0.6684620293554563 0.034296875 0.017696234843650287