2 0.6967741935483871 0.2639225181598063 0.11612903225806452 0.11138014527845036
6 0.5443548387096774 0.47578692493946734 0.18870967741935485 0.38498789346246975
6 0.3467741935483871 0.5060532687651331 0.16451612903225807 0.46973365617433416
6 0.7306451612903225 0.5460048426150121 0.16451612903225807 0.37530266343825663
0 0.34891935483870967 0.5617433414043583 0.2306451612903226 0.8765133171912833
0 0.5626290322580645 0.5702179176755447 0.23709677419354838 0.8595641646489104
0 0.7333387096774194 0.6041162227602905 0.20806451612903226 0.7917675544794189
2 0.38548387096774195 0.17675544794188863 0.11935483870967742 0.10653753026634383
2 0.5395161290322581 0.19491525423728814 0.08548387096774193 0.1089588377723971
3 0.6814516129032258 0.288547215496368 0.05375806451612903 0.040363196125907996
3 0.3998709677419355 0.2280145278450363 0.07124193548387098 0.0685956416464891
3 0.5456935483870967 0.24515738498789347 0.056451612903225805 0.04641646489104117
2 0.9112903225806451 0.3309200968523002 0.04838709677419355 0.05246973365617434
2 0.8514838709677419 0.3389830508474576 0.04166129032258064 0.044382566585956414
6 0.857532258064516 0.4449152542372881 0.06988709677419355 0.1271186440677966
6 0.9166612903225807 0.4489588377723971 0.05108064516129032 0.1513317191283293