2 0.3732394366197183 0.24166666666666667 0.046948356807511735 0.058333333333333334
2 0.1402582159624413 0.3541666666666667 0.03169014084507042 0.041666666666666664
6 0.36032863849765256 0.39895833333333336 0.07276995305164319 0.18541666666666667
0 0.36188967136150235 0.5107708333333333 0.13536384976525823 0.6131875
0 0.13242957746478873 0.5378541666666667 0.07863849765258216 0.41458333333333336
0 0.823943661971831 0.5638958333333334 0.13458920187793427 0.26110416666666664
4 0.7769953051643192 0.48056249999999995 0.02660798122065728 0.06110416666666666
5 0.8352934272300468 0.4979166666666667 0.0759037558685446 0.09860416666666666
0 0.6388849765258217 0.48541666666666666 0.06338028169014084 0.3236041666666667
2 0.6443661971830986 0.35902083333333334 0.035211267605633804 0.05972916666666667
5 0.6263732394366197 0.45139583333333333 0.04146713615023474 0.11110416666666666
0 0.2687793427230047 0.5201458333333333 0.06024647887323943 0.35972916666666666
2 0.27699530516431925 0.3729166666666667 0.03755868544600939 0.043062500000000004
5 0.2656455399061033 0.45277083333333334 0.035211267605633804 0.09722916666666667