5 0.7212230215827338 0.6145169200588524 0.09385219097449313 0.24031387935262383
5 0.5019620667102681 0.6292300147130947 0.1196860693263571 0.2599313388916135
5 0.6278613472858077 0.6405100539480137 0.06409417920209287 0.17459538989700835
0 0.2710922171353826 0.6539970573810692 0.17789404839764553 0.6920058852378617
0 0.7310333551340745 0.663805787150564 0.15598430346631786 0.672388425698872
5 0.2689666448659254 0.6733692986758215 0.1409417920209287 0.358018636586562
0 0.49133420536298233 0.6821971554683669 0.15729234793982996 0.6356056890632663
0 0.631131458469588 0.715301618440412 0.09025506867233486 0.5693967631191761
2 0.2912034009156311 0.3643943109367337 0.09385219097449313 0.09318293281020108
2 0.7079790712884239 0.38523786169691027 0.08109875735775017 0.10053948013732222
2 0.5106278613472858 0.4153997057381069 0.07880967952910399 0.07748896517900931
2 0.6296599084368869 0.46419813634134377 0.0500327011118378 0.06718979892103973
2 0.9292020928711576 0.213339872486513 0.14159581425768475 0.18146150073565473
3 0.28368214519293655 0.40828837665522316 0.08011772400261609 0.04168710152035311
3 0.513407455853499 0.435262383521334 0.05559189012426422 0.03678273663560569
3 0.6368541530412034 0.4744973025993134 0.03433616742969261 0.026974006866110838
3 0.7063440156965337 0.4230014713094654 0.05559189012426422 0.03678273663560569
3 0.9107259646827992 0.2746444335458558 0.06867233485938522 0.09318293281020108
0 0.9373773708306082 0.5613045610593428 0.12524525833878353 0.8773908778813144