6 0.10625 0.46111111111111114 0.159375 0.3277777777777778
6 0.55234375 0.4736111111111111 0.1890625 0.4638888888888889
5 0.8265625 0.4875 0.18125 0.4361111111111111
5 0.296875 0.49583333333333335 0.184375 0.33055555555555555
0 0.5555 0.5263888888888889 0.23125 0.9472222222222222
0 0.8315468750000001 0.5375 0.23125 0.925
0 0.303796875 0.5708333333333333 0.21875 0.8583333333333333
0 0.10453125 0.5766666666666667 0.196875 0.8361111111111111
2 0.5467187499999999 0.11436111111111112 0.087796875 0.11758333333333333
2 0.821875 0.13333333333333333 0.1 0.1
2 0.287578125 0.2001388888888889 0.09359375 0.11694444444444445
4 0.11953125 0.20694444444444443 0.0921875 0.08055555555555556
3 0.55021875 0.17327777777777778 0.087046875 0.0635
3 0.28645312500000003 0.26916666666666667 0.09078125000000001 0.05688888888888889
3 0.122390625 0.26522222222222225 0.095984375 0.05422222222222222
3 0.8203125 0.19708333333333333 0.09746875 0.05555555555555555