2 0.797077922077922 0.555 0.07467532467532467 0.05
2 0.08928571428571429 0.70875 0.10064935064935066 0.0675
2 0.3327922077922078 0.76875 0.09415584415584416 0.0625
5 0.08766233766233766 0.81625 0.12987012987012986 0.1375
0 0.08279220779220779 0.832225 0.16558441558441558 0.325
6 0.3181818181818182 0.86 0.14285714285714285 0.14
0 0.31493506493506496 0.8675 0.19480519480519481 0.265
5 0.8432467532467534 0.62015 0.10282467532467533 0.0986
0 0.8171103896103896 0.69235 0.1803896103896104 0.365275
2 0.4698701298701299 0.68195 0.06675324675324674 0.052774999999999996
5 0.4861038961038961 0.785425 0.09558441558441559 0.12359999999999999
0 0.4942207792207792 0.8104250000000001 0.12626623376623378 0.379175