0 0.8641666666666666 0.63125 0.245 0.7375
0 0.6516666666666666 0.581025 0.19666666666666666 0.8375
2 0.8373333333333333 0.329225 0.10833333333333334 0.1275
0 0.44166666666666665 0.55875 0.22 0.8825
5 0.6481833333333333 0.57 0.19666666666666666 0.445
0 0.20235 0.58155 0.235 0.8175
5 0.4558333333333333 0.5827 0.23833333333333334 0.5
5 0.8581833333333333 0.638525 0.18666666666666668 0.3675
2 0.4709833333333333 0.184525 0.105 0.115
2 0.6383333333333333 0.21202500000000002 0.09666666666666666 0.115
2 0.2590166666666667 0.23602499999999998 0.12166666666666667 0.1425