0 0.7078125 0.22291666666666668 0.1484375 0.44583333333333336
5 0.701953125 0.27291666666666664 0.12578125 0.2625
2 0.5296875 0.3151041666666667 0.0734375 0.11145833333333334
2 0.3890625 0.34375 0.0828125 0.11666666666666667
0 0.3564453125 0.43072916666666666 0.16015625 0.346875
2 0.1998046875 0.46510416666666665 0.11484375 0.146875
2 0.508984375 0.5041666666666667 0.09453125 0.1
2 0.675 0.5104166666666666 0.0984375 0.10625
0 0.149609375 0.5924479166666666 0.225 0.4046875
2 0.72109375 0.06770833333333333 0.10078125 0.13072916666666667
0 0.5305703125 0.7266979166666666 0.1912109375 0.5466145833333333
5 0.55546875 0.7427083333333333 0.171875 0.32083333333333336
5 0.12109375 0.59375 0.109375 0.22395833333333334
5 0.326171875 0.42513541666666665 0.07421875 0.22786458333333334
0 0.5400390625 0.34570833333333334 0.12890625 0.20703125
0 0.689453125 0.59765625 0.134765625 0.3046875
5 0.703125 0.6145833333333334 0.068359375 0.09375