2 0.671875 0.43208661417322836 0.08125 0.06496062992125984
2 0.48984375 0.43503937007874016 0.0609375 0.05905511811023622
2 0.0484375 0.47834645669291337 0.096875 0.1141732283464567
6 0.4859375 0.59251968503937 0.0875 0.2283464566929134
6 0.66640625 0.6181102362204725 0.1265625 0.21653543307086615
0 0.47890625 0.6742125984251969 0.1109375 0.5610236220472441
0 0.66640625 0.6948818897637795 0.1640625 0.610236220472441
6 0.06796875 0.6998031496062992 0.1359375 0.3248031496062992
0 0.07109375 0.702755905511811 0.1421875 0.594488188976378
3 0.4890625 0.4655511811023622 0.040625 0.02952755905511811
3 0.66875 0.46358267716535434 0.05625 0.021653543307086614