2 0.1318359375 0.3567708333333333 0.076171875 0.08854166666666667
2 0.03125 0.3567708333333333 0.0625 0.10243055555555555
2 0.31396484375 0.3758680555555556 0.0556640625 0.057291666666666664
2 0.46826171875 0.390625 0.0439453125 0.04861111111111111
2 0.67041015625 0.3932291666666667 0.0439453125 0.057291666666666664
2 0.52490234375 0.4053819444444444 0.0361328125 0.046875
2 0.7109375 0.4279513888888889 0.044921875 0.07465277777777778
2 0.19677734375 0.4288194444444444 0.0634765625 0.0763888888888889
2 0.5859375 0.4288194444444444 0.041015625 0.05555555555555555
2 0.85107421875 0.4557291666666667 0.0615234375 0.07465277777777778
5 0.6552734375 0.5442708333333334 0.037109375 0.1684027777777778
5 0.462890625 0.5520833333333334 0.078125 0.1840277777777778
5 0.52587890625 0.5520833333333334 0.0615234375 0.16666666666666666
5 0.3115234375 0.5590277777777778 0.09765625 0.19444444444444445
5 0.5966796875 0.5737847222222222 0.068359375 0.171875
5 0.69384765625 0.6032986111111112 0.0693359375 0.234375
5 0.11669921875 0.6050347222222222 0.0986328125 0.328125
5 0.19970703125 0.609375 0.0595703125 0.2465277777777778
0 0.522734375 0.6125520833333333 0.0712890625 0.4878472222222222
0 0.661455078125 0.6267361111111112 0.0625 0.5243055555555556
0 0.446943359375 0.6277083333333333 0.08984375 0.5381944444444444
0 0.03515625 0.640625 0.0703125 0.71875
0 0.119140625 0.6458333333333334 0.107421875 0.7083333333333334
0 0.594130859375 0.6501736111111112 0.0947265625 0.5121527777777778
0 0.3083203125 0.6345486111111112 0.1044921875 0.6232638888888888
5 0.85009765625 0.65625 0.0947265625 0.2569444444444444
5 0.03466796875 0.6727430555555556 0.0673828125 0.453125
0 0.69732421875 0.6567361111111111 0.0712890625 0.5677083333333334
0 0.208115234375 0.6867361111111111 0.08984375 0.6111111111111112
0 0.8539453125 0.6991666666666667 0.10546875 0.5746527777777778
3 0.318466796875 0.41184027777777776 0.042314453125 0.025069444444444443
3 0.472001953125 0.4166666666666667 0.0238671875 0.03086805555555556
3 0.523544921875 0.4340277777777778 0.0336328125 0.02314236111111111
3 0.6683984375 0.4253472222222222 0.030380859375 0.013506944444444445
3 0.68576171875 0.44463541666666667 0.01953125 0.017361111111111112
3 0.2197265625 0.4600694444444444 0.03146484375 0.025069444444444443
1 0.83279296875 0.49093749999999997 0.020615234375 0.028940972222222226