2 0.7125 0.45465994962216627 0.058333333333333334 0.06297229219143577
2 0.24276666666666666 0.48120906801007557 0.08356666666666666 0.07727959697732997
2 0.5025 0.4924433249370277 0.045 0.06297229219143577
2 0.33215 0.5096221662468514 0.06761666666666667 0.0826448362720403
6 0.7208333333333333 0.6473551637279596 0.11833333333333333 0.2216624685138539
5 0.5333333333333333 0.6624685138539043 0.09 0.17632241813602015
5 0.22416666666666665 0.6838790931989924 0.115 0.23425692695214106
5 0.3232 0.7360453400503778 0.08973333333333335 0.2558690176322418
0 0.7206166666666667 0.7134508816120907 0.14298333333333335 0.5731234256926953
0 0.5320166666666666 0.7260453400503779 0.14123333333333332 0.5479345088161209
0 0.33508333333333334 0.7260453400503779 0.09123333333333333 0.5479345088161209
0 0.23026666666666665 0.7107808564231738 0.10613333333333333 0.5784130982367758
2 0.3890333333333333 0.5011335012594458 0.04825 0.08750629722921915
5 0.41228333333333333 0.6688413098236775 0.07894999999999999 0.18957178841309824
5 0.41359999999999997 0.7213853904282116 0.1114 0.5572040302267003