2 0.9153439153439153 0.28706896551724137 0.09735449735449736 0.10517241379310345
2 0.629100529100529 0.33448275862068966 0.06455026455026455 0.08620689655172414
2 0.42063492063492064 0.38362068965517243 0.09206349206349207 0.13620689655172413
2 0.5582010582010583 0.3853448275862069 0.08571428571428572 0.12586206896551724
2 0.1037037037037037 0.3887931034482759 0.1037037037037037 0.11206896551724138
5 0.8973544973544973 0.5543103448275862 0.17777777777777778 0.33620689655172414
0 0.8931216931216931 0.6120689655172413 0.21375661375661376 0.7758620689655172
5 0.4074074074074074 0.6370689655172413 0.17566137566137566 0.35
0 0.6268042328042328 0.6456896551724138 0.07830687830687831 0.7086206896551724
5 0.5661375661375662 0.65 0.1439153439153439 0.3482758620689655
0 0.40593650793650793 0.6551724137931034 0.1746031746031746 0.6896551724137931
0 0.1349206349206349 0.6620689655172414 0.24232804232804234 0.6758620689655173
0 0.5517354497354497 0.6620689655172414 0.1619047619047619 0.6758620689655173
5 0.1349206349206349 0.7155172413793104 0.23386243386243386 0.43448275862068964
3 0.12169312169312169 0.4272068965517241 0.05760846560846561 0.04598275862068966