2 0.21923828125 0.13493975903614458 0.1416015625 0.1493975903614458
2 0.5234375 0.14096385542168674 0.140625 0.13253012048192772
0 0.7041015625 0.21506024096385543 0.2265625 0.3216867469879518
5 0.716796875 0.28795180722891567 0.19140625 0.14216867469879518
5 0.390625 0.30542168674698794 0.142578125 0.28313253012048195
5 0.20849609375 0.3204819277108434 0.2080078125 0.26506024096385544
5 0.5908203125 0.41566265060240964 0.216796875 0.3036144578313253
2 0.37353515625 0.09096385542168675 0.1240234375 0.15542168674698795
2 0.6591796875 0.11265060240963855 0.09375 0.10481927710843374
0 0.538193359375 0.3346746987951807 0.167099609375 0.580987951807229
0 0.3862890625 0.23159036144578313 0.1714453125 0.4578313253012048
0 0.20236328125 0.4926385542168675 0.22677734375 0.9826024096385542