0 0.7889375000000001 0.452970297029703 0.271875 0.8762376237623762
0 0.5734375 0.4603960396039604 0.215625 0.7722772277227723
0 0.35612499999999997 0.45792079207920794 0.15 0.8960396039603961
0 0.1578125 0.45163366336633665 0.290625 0.900990099009901
6 0.572 0.5272277227722773 0.19375 0.4900990099009901
6 0.3421875 0.576930693069307 0.140625 0.6188118811881188
6 0.8015625 0.599009900990099 0.215625 0.5544554455445545
6 0.1454375 0.6066336633663366 0.265625 0.5297029702970297
2 0.159375 0.0891089108910891 0.28125 0.1782178217821782
2 0.3400625 0.09564356435643565 0.125 0.15346534653465346
2 0.759375 0.12079207920792079 0.1875 0.19306930693069307
2 0.568875 0.14356435643564355 0.1375 0.13861386138613863