2 0.6268229166666667 0.1 0.13385416666666666 0.1574074074074074
2 0.2950520833333333 0.1865740740740741 0.14427083333333332 0.15648148148148147
2 0.9189010416666666 0.22559259259259257 0.08988020833333334 0.1604537037037037
2 0.47760416666666666 0.2740740740740741 0.140625 0.20925925925925926
0 0.14140625 0.46574074074074073 0.27760416666666665 0.8944444444444445
0 0.30063020833333337 0.4394166666666667 0.19114583333333332 0.8203703703703704
0 0.6997760416666666 0.5097222222222222 0.29449479166666664 0.9805555555555555
6 0.15078125 0.5208333333333334 0.2828125 0.6287037037037037
0 0.9314010416666666 0.554037037037037 0.137203125 0.8919351851851851
0 0.44836458333333334 0.5831388888888889 0.22916666666666666 0.8337314814814815
6 0.6934895833333333 0.6601851851851852 0.27447916666666666 0.6351851851851852
4 0.16328125 0.06898148148148148 0.1234375 0.13796296296296295
6 0.4439739583333333 0.7441111111111111 0.21711458333333333 0.5064814814814815
2 0.13203125 0.8518518518518519 0.16822916666666668 0.26481481481481484
2 0.9672604166666667 0.23082407407407407 0.06547395833333333 0.16005555555555556
1 0.9672604166666667 0.35780555555555554 0.06547395833333333 0.07539814814814816
6 0.9453125 0.7354537037037037 0.109375 0.5291018518518518
1 0.6369062499999999 0.22420370370370368 0.14732291666666666 0.09920370370370371
1 0.4739583333333333 0.39814814814814814 0.12202604166666667 0.08994444444444445
1 0.30878125 0.28306481481481477 0.12351041666666666 0.08994444444444445
3 0.16294791666666666 0.13690740740740742 0.12202604166666667 0.09126851851851851