0 0.75748821866164 0.6314664310954063 0.19863336475023563 0.7360424028268551
0 0.5733459000942508 0.6279328621908127 0.21677662582469368 0.7431095406360424
0 0.40053722902921773 0.6584805653710247 0.1491517436380773 0.6759717314487632
0 0.2040009425070688 0.6226325088339223 0.24151743638077286 0.7537102473498233
2 0.7090009425070688 0.35636042402826856 0.10603204524033931 0.09293286219081272
2 0.40256833176248824 0.38763250883392225 0.09637134778510839 0.09187279151943463
6 0.55937794533459 0.6115300353356891 0.15080113100848255 0.3413427561837456
6 0.1818426013195099 0.6247173144876326 0.1654099905749293 0.45335689045936395
6 0.7628416588124411 0.6589858657243817 0.18072573044297832 0.3932862190812721
6 0.38607445805843543 0.6809187279151944 0.14820923656927426 0.38162544169611307
2 0.26154571159283696 0.31925795053003536 0.12064090480678605 0.1530035335689046
2 0.5442082940622054 0.3197879858657244 0.08718190386427899 0.10459363957597173