0 0.8066666666666666 0.5392592592592592 0.205 0.9214814814814815
0 0.6316666666666667 0.5688888888888889 0.17166666666666666 0.8622222222222222
0 0.47333333333333333 0.56 0.14666666666666667 0.88
0 0.3222 0.5718518518518518 0.15333333333333332 0.8562962962962963
0 0.15083333333333335 0.5886666666666667 0.18666666666666668 0.8222222222222222
2 0.7823666666666667 0.1511111111111111 0.11333333333333333 0.1274074074074074
2 0.49221666666666664 0.1856888888888889 0.08916666666666667 0.1348148148148148
2 0.6075 0.19703703703703704 0.09 0.11259259259259259
2 0.33708333333333335 0.20394074074074073 0.09583333333333334 0.10814814814814815
2 0.17236666666666667 0.23605925925925927 0.11333333333333333 0.13777777777777778
5 0.8 0.4488888888888889 0.15166666666666667 0.17185185185185184
5 0.47875 0.45555555555555555 0.12916666666666668 0.28888888888888886
5 0.6270833333333333 0.4786666666666667 0.12916666666666668 0.21185185185185185
5 0.3225 0.5481481481481482 0.1 0.40296296296296297
5 0.15219166666666667 0.6750814814814815 0.185 0.49333333333333335