2 0.706875 0.4166666666666667 0.06375 0.06818181818181818
2 0.500625 0.4583333333333333 0.03125 0.045454545454545456
2 0.454375 0.47632575757575757 0.04625 0.043560606060606064
2 0.585 0.47632575757575757 0.03 0.03598484848484849
2 0.631875 0.4895833333333333 0.04625 0.043560606060606064
2 0.216875 0.5 0.05875 0.04924242424242424
2 0.363125 0.5066287878787878 0.04125 0.0625
6 0.5775 0.5511363636363636 0.0475 0.09848484848484848
6 0.50375 0.5672348484848485 0.045 0.13068181818181818
6 0.718125 0.5814393939393939 0.11875 0.22348484848484848
0 0.5836625 0.584280303030303 0.06375 0.26704545454545453
6 0.4625 0.5956439393939394 0.0625 0.17234848484848486
6 0.62375 0.5994318181818182 0.0625 0.13825757575757575
6 0.361875 0.6164772727272727 0.06125 0.14962121212121213
6 0.215 0.6231060606060606 0.0875 0.17803030303030304
0 0.511425 0.6053787878787878 0.0675 0.35361742424242426
0 0.7207125000000001 0.6611174242424243 0.1221375 0.5570833333333333
0 0.6253625 0.6409659090909091 0.075 0.35984848484848486
0 0.4625875 0.6497537878787879 0.08375 0.3958333333333333
0 0.3632125 0.6631439393939393 0.0775 0.3712121212121212
0 0.2107125 0.6750568181818182 0.116075 0.4188257575757576