2 0.30234375 0.23333333333333334 0.015104166666666667 0.027777777777777776
2 0.34270833333333334 0.23796296296296296 0.015625 0.02962962962962963
0 0.345015625 0.25991666666666663 0.029166666666666667 0.07037037037037037
2 0.2604166666666667 0.2574074074074074 0.014583333333333334 0.024074074074074074
4 0.15494791666666666 0.2611111111111111 0.016145833333333335 0.027777777777777776
5 0.30416666666666664 0.2759259259259259 0.026041666666666668 0.07222222222222222
5 0.34401041666666665 0.2759259259259259 0.0234375 0.05740740740740741
0 0.30446354166666667 0.28756481481481483 0.03229166666666667 0.14444444444444443
5 0.18802083333333333 0.2916666666666667 0.023958333333333335 0.05555555555555555
5 0.15572916666666667 0.30092592592592593 0.022916666666666665 0.06481481481481481
5 0.25885416666666666 0.30416666666666664 0.028125 0.07314814814814814
0 0.19133333333333333 0.32096296296296295 0.028645833333333332 0.14722222222222223
0 0.25996874999999997 0.31574074074074077 0.035416666666666666 0.14629629629629629
0 0.15413020833333332 0.32169444444444445 0.0328125 0.14814814814814814