2 0.162109375 0.3367496339677892 0.060546875 0.06442166910688141
2 0.8505859375 0.3718887262079063 0.0625 0.05856515373352855
2 0.759765625 0.3806734992679356 0.060546875 0.07613469985358712
2 0.24609375 0.39824304538799415 0.048828125 0.05856515373352855
2 0.5869140625 0.39824304538799415 0.05078125 0.0527086383601757
2 0.4345703125 0.4084919472913616 0.046875 0.06149341142020498
2 0.67578125 0.41142020497803805 0.056640625 0.04978038067349927
2 0.3408203125 0.4172767203513909 0.04296875 0.055636896046852125
2 0.51953125 0.4363103953147877 0.044921875 0.04685212298682284
6 0.15234375 0.5109809663250366 0.095703125 0.23718887262079064
6 0.8671875 0.5183016105417276 0.107421875 0.2225475841874085
6 0.765625 0.5446559297218155 0.095703125 0.21669106881405564
6 0.2451171875 0.5490483162518301 0.08984375 0.2430453879941435
6 0.6845703125 0.5666178623718887 0.0859375 0.23718887262079064
6 0.5966796875 0.5724743777452416 0.09765625 0.26061493411420206
6 0.33740234375 0.5739385065885798 0.0888671875 0.2225475841874085
6 0.435546875 0.595900439238653 0.091796875 0.2781844802342606
6 0.5234375 0.595900439238653 0.076171875 0.21961932650073207
0 0.135458984375 0.6040556368960468 0.14453125 0.6325036603221084
0 0.87095703125 0.6130453879941434 0.107421875 0.5710102489019033
0 0.59765625 0.6243484626647146 0.099609375 0.541727672035139
0 0.250556640625 0.6251830161054173 0.119140625 0.5183016105417276
0 0.7587890625 0.6113762811127379 0.09765625 0.5534407027818448
0 0.520087890625 0.643792093704246 0.076171875 0.4802342606149341
0 0.420205078125 0.657393850658858 0.115234375 0.5534407027818448
0 0.340263671875 0.6228843338213763 0.078125 0.527086383601757
0 0.684013671875 0.623718887262079 0.09765625 0.5153733528550513
3 0.160439453125 0.3628989751098097 0.047431640625 0.023001464128843338
3 0.2490234375 0.4235578330893119 0.029296875 0.023001464128843338
3 0.34876953125 0.43191800878477304 0.03626953125 0.023001464128843338
3 0.44154296875 0.4350512445095168 0.037666015625 0.03346998535871157
3 0.51966796875 0.4580673499267936 0.03208984375 0.025095168374816984
3 0.58802734375 0.4204099560761347 0.03208984375 0.025095168374816984
3 0.6787109375 0.4350512445095168 0.037666015625 0.029282576866764276
3 0.755439453125 0.41099560761347 0.034873046875 0.023001464128843338
3 0.853095703125 0.38903367496339675 0.034873046875 0.025095168374816984