0 0.7972105263157895 0.5642523364485982 0.20526315789473684 0.5257009345794392
0 0.6112280701754386 0.5567757009345795 0.13157894736842105 0.25
0 0.47331578947368425 0.5677570093457944 0.10175438596491228 0.24766355140186916
0 0.3412280701754386 0.5957943925233645 0.12456140350877193 0.2757009345794392
0 0.22942105263157897 0.5751168224299066 0.10877192982456141 0.28738317757009346
2 0.8017543859649123 0.3411214953271028 0.08070175438596491 0.06542056074766354
2 0.19824561403508772 0.4670794392523364 0.03508771929824561 0.04672897196261682
2 0.4428245614035088 0.4670794392523364 0.03684210526315789 0.04205607476635514
2 0.5691403508771931 0.4672897196261682 0.043859649122807015 0.056074766355140186
6 0.8035087719298246 0.4705841121495327 0.08421052631578947 0.1191588785046729
6 0.6165087719298246 0.49649532710280375 0.05087719298245614 0.08177570093457943
2 0.36826315789473685 0.5032943925233645 0.028070175438596492 0.04906542056074766
6 0.4726491228070176 0.5210280373831776 0.03333333333333333 0.056074766355140186
6 0.24349122807017543 0.5233644859813084 0.07368421052631578 0.056074766355140186
6 0.33245614035087717 0.5420560747663551 0.043859649122807015 0.07476635514018691