2 0.9176923076923077 0.2868663594470046 0.07230769230769231 0.052995391705069124
2 0.1346153846153846 0.3294930875576037 0.07538461538461538 0.07834101382488479
2 0.36153846153846153 0.33755760368663595 0.052307692307692305 0.04377880184331797
2 0.4412615384615384 0.34963133640552996 0.052307692307692305 0.029953917050691243
2 0.7269230769230769 0.35599078341013823 0.05384615384615385 0.04377880184331797
2 0.2469230769230769 0.3617511520737327 0.05692307692307692 0.05069124423963134
2 0.5950615384615385 0.36039170506912444 0.04461538461538461 0.04608294930875576
5 0.9214 0.4402304147465438 0.09692307692307692 0.17972350230414746
5 0.4423076923076923 0.4596774193548387 0.08153846153846153 0.12211981566820276
5 0.3415384615384615 0.4608294930875576 0.07384615384615385 0.15668202764976957
5 0.7338461538461538 0.4631336405529954 0.09846153846153846 0.11059907834101383
5 0.6007692307692307 0.4642857142857143 0.07846153846153846 0.1175115207373272
5 0.13230769230769232 0.4988479262672811 0.10153846153846154 0.195852534562212
5 0.24864615384615385 0.5023041474654378 0.1 0.17050691244239632
0 0.9186000000000001 0.5077880184331797 0.12153846153846154 0.5230414746543779
0 0.44375384615384617 0.5155760368663594 0.0876923076923077 0.4009216589861751
0 0.5970615384615384 0.5355069124423963 0.09801538461538462 0.413110599078341
0 0.7312153846153846 0.5418202764976958 0.11384615384615385 0.43548387096774194
0 0.3478769230769231 0.5477880184331797 0.08 0.5
0 0.24764615384615385 0.5729953917050692 0.10344615384615384 0.5306221198156682
0 0.13556923076923078 0.5836866359447005 0.11384615384615385 0.5967741935483871