2 0.46923828125 0.19266917293233082 0.0517578125 0.07706766917293233
2 0.61962890625 0.19642857142857142 0.0517578125 0.08458646616541353
2 0.66943359375 0.20885338345864662 0.0537109375 0.08270676691729323
0 0.50927734375 0.20958646616541354 0.0458984375 0.16729323308270677
0 0.26025390625 0.212406015037594 0.0693359375 0.21804511278195488
6 0.5634765625 0.39097744360902253 0.080078125 0.2744360902255639
6 0.33203125 0.3966165413533835 0.08984375 0.3308270676691729
6 0.2158203125 0.4107142857142857 0.103515625 0.325187969924812
6 0.12060546875 0.4323308270676692 0.1318359375 0.31954887218045114
6 0.6796875 0.4426691729323308 0.087890625 0.28383458646616544
6 0.4736328125 0.44454887218045114 0.10546875 0.325187969924812
0 0.6159375 0.5041729323308272 0.0634765625 0.7443609022556391
0 0.39181640625 0.5014661654135338 0.09765625 0.7781954887218046
0 0.554033203125 0.526203007518797 0.111328125 0.8101503759398496
0 0.674912109375 0.5344548872180451 0.10546875 0.7255639097744361
0 0.203720703125 0.5241165413533835 0.1103515625 0.8327067669172933
0 0.47482421875 0.5492857142857144 0.099609375 0.8157894736842105
0 0.322158203125 0.548139097744361 0.111328125 0.8214285714285714
0 0.1110546875 0.5639097744360902 0.1396484375 0.8721804511278195
2 0.4299609375 0.11894736842105263 0.0458984375 0.07706766917293233
2 0.201171875 0.15695488721804512 0.0546875 0.09962406015037593
2 0.25634765625 0.16071428571428573 0.0419921875 0.06578947368421052
2 0.51513671875 0.16071428571428573 0.0419921875 0.08458646616541353
2 0.3828125 0.16165413533834586 0.05078125 0.07142857142857142
2 0.32666015625 0.162593984962406 0.0556640625 0.07330827067669173
0 0.4294140625 0.1712593984962406 0.0654296875 0.18796992481203006
2 0.5556640625 0.17669172932330826 0.05078125 0.09022556390977443
2 0.12158203125 0.18421052631578946 0.0615234375 0.08646616541353383
3 0.1226171875 0.22451127819548872 0.047744140625 0.031334586466165416
3 0.203447265625 0.19736842105263158 0.05099609375 0.03550751879699248
3 0.2587890625 0.19736842105263158 0.037978515625 0.027142857142857142
3 0.328232421875 0.21093984962406015 0.040146484375 0.03342105263157895
3 0.390625 0.19110902255639098 0.0347265625 0.018796992481203006
3 0.432939453125 0.15351503759398497 0.0390625 0.027142857142857142
3 0.47091796875 0.22973684210526316 0.0390625 0.02924812030075188
3 0.518125 0.19842105263157894 0.03146484375 0.02924812030075188
3 0.55392578125 0.21302631578947367 0.037978515625 0.02924812030075188
3 0.62283203125 0.22765037593984963 0.030380859375 0.02088345864661654
3 0.674912109375 0.25375939849624063 0.04123046875 0.043853383458646616