0 0.8783333333333333 0.5552 0.21 0.8891666666666667
0 0.6491666666666667 0.5529166666666666 0.245 0.8941666666666667
0 0.38055555555555554 0.5595833333333333 0.24444444444444444 0.8808333333333334
0 0.12861111111111112 0.5304166666666666 0.24833333333333332 0.9391666666666667
2 0.1511111111111111 0.1202 0.13333333333333333 0.12416666666666666
2 0.6593055555555556 0.17666666666666667 0.13166666666666665 0.125
2 0.38535555555555556 0.18343333333333334 0.12611111111111112 0.12166666666666667
2 0.8786333333333333 0.18708333333333332 0.15777777777777777 0.1525
6 0.12861111111111112 0.5585416666666667 0.22944444444444445 0.5666666666666667
6 0.3811333333333333 0.6102083333333334 0.22777777777777777 0.525
6 0.6575 0.6335416666666667 0.22055555555555556 0.5216666666666666
6 0.8908333333333334 0.6902 0.20944444444444443 0.6191666666666666