2 0.45125 0.3736059479553903 0.1075 0.1449814126394052
2 0.26625 0.45724907063197023 0.1425 0.17100371747211895
0 0.46907499999999996 0.4874721189591078 0.27 0.4349442379182156
0 0.78625 0.6078066914498141 0.4275 0.7843866171003717
0 0.2027 0.6747211895910781 0.2975 0.6505576208178439
6 0.7525 0.7397769516728625 0.21 0.5204460966542751
6 0.2075 0.8029739776951673 0.2 0.3940520446096654
2 0.66125 0.3048327137546468 0.1575 0.16356877323420074
3 0.644075 0.40695167286245354 0.098675 0.06260223048327138
3 0.2625 0.5449070631970261 0.101325 0.06457249070631971
3 0.4546 0.44315985130111524 0.0908 0.09977695167286245