2 0.33984375 0.3236111111111111 0.1265625 0.15833333333333333
2 0.716078125 0.35891666666666666 0.1375 0.1638888888888889
0 0.31584375 0.6194444444444445 0.2375 0.7611111111111111
0 0.73828125 0.6402777777777777 0.2203125 0.7194444444444444
0 0.53359375 0.6680555555555555 0.2421875 0.6638888888888889
6 0.32109375 0.7097222222222223 0.1859375 0.475
6 0.7390625 0.7763888888888889 0.2 0.44722222222222224
6 0.5474375 0.7866944444444444 0.23548437500000002 0.4265833333333333
3 0.348765625 0.4027777777777778 0.077015625 0.04761111111111111
1 0.528453125 0.47816666666666663 0.0859375 0.05555555555555555
3 0.712046875 0.42163888888888884 0.08259375 0.041666666666666664
2 0.5306875 0.4097222222222222 0.11495312499999999 0.1408611111111111