2 0.87158203125 0.2080745341614907 0.0517578125 0.06418219461697723
2 0.35009765625 0.21325051759834368 0.0458984375 0.062111801242236024
2 0.701171875 0.2287784679089027 0.056640625 0.055900621118012424
2 0.44384765625 0.2370600414078675 0.0556640625 0.055900621118012424
2 0.20703125 0.23809523809523808 0.046875 0.07039337474120083
2 0.5146484375 0.2453416149068323 0.046875 0.07246376811594203
2 0.03515625 0.2670807453416149 0.048828125 0.07039337474120083
2 0.599609375 0.2732919254658385 0.048828125 0.07039337474120083
2 0.28076171875 0.2919254658385093 0.0517578125 0.07039337474120083
2 0.1162109375 0.3219461697722567 0.046875 0.07246376811594203
6 0.78564453125 0.42960662525879917 0.0810546875 0.32091097308488614
6 0.357421875 0.45652173913043476 0.087890625 0.2712215320910973
6 0.5205078125 0.4616977225672878 0.078125 0.2732919254658385
6 0.21142578125 0.47101449275362317 0.0888671875 0.28778467908902694
6 0.70263671875 0.4772256728778468 0.0791015625 0.2753623188405797
6 0.44580078125 0.4803312629399586 0.0810546875 0.34782608695652173
6 0.6083984375 0.4865424430641822 0.087890625 0.2525879917184265
6 0.8662109375 0.4927536231884058 0.046875 0.3188405797101449
6 0.95166015625 0.49585921325051757 0.0966796875 0.37060041407867494
6 0.28125 0.4989648033126294 0.064453125 0.2484472049689441
6 0.037109375 0.5093167701863354 0.068359375 0.3105590062111801
6 0.12646484375 0.5341614906832298 0.0849609375 0.2650103519668737
2 0.775390625 0.14285714285714285 0.060546875 0.07867494824016563
2 0.8310546875 0.19254658385093168 0.05078125 0.06625258799171843
2 0.94140625 0.19358178053830227 0.083984375 0.09730848861283643
0 0.948525390625 0.5538302277432712 0.102958984375 0.8828778467908903
0 0.799033203125 0.5399378881987578 0.101142578125 0.9201449275362319
0 0.70521484375 0.5930227743271221 0.083701171875 0.8104140786749483
0 0.612099609375 0.609296066252588 0.096962890625 0.7778674948240165
0 0.5228125 0.5922774327122153 0.0830078125 0.8089233954451346
0 0.443642578125 0.5930227743271221 0.08091796875 0.8133747412008282
0 0.355048828125 0.5813457556935818 0.092080078125 0.8373291925465839
0 0.282509765625 0.6197929606625259 0.07533203125 0.7604347826086957
0 0.206474609375 0.5946376811594203 0.09068359375 0.810703933747412
0 0.128701171875 0.6367908902691511 0.096962890625 0.7264182194616977
0 0.0394140625 0.5968737060041408 0.078818359375 0.8062732919254658