4 0.736998191681736 0.3551566265060241 0.1285895117540687 0.10790361445783132
0 0.7351898734177216 0.6421686746987951 0.2423146473779385 0.7156626506024096
6 0.7381916817359856 0.6662650602409639 0.20614828209764918 0.3686746987951807
4 0.3589511754068716 0.8554216867469879 0.15370705244122965 0.17349397590361446
4 0.9393128390596746 0.7650602409638554 0.12056057866184448 0.13253012048192772
4 0.14415913200723326 0.9236867469879517 0.1617359855334539 0.1526024096385542
0 0.03314647377938517 0.8607710843373495 0.06430379746835443 0.27040963855421685
4 0.027124773960216998 0.8072289156626506 0.05023508137432188 0.14457831325301204
0 0.38124773960217 0.8701445783132531 0.21197106690777576 0.259710843373494
0 0.932983725135624 0.8386987951807229 0.13401446654611213 0.32262650602409637
5 0.9410307414104883 0.9397590361445783 0.11793851717902351 0.12048192771084337