2 0.8333333333333334 0.2613430127041742 0.10666666666666667 0.11978221415607986
2 0.5575 0.28765880217785844 0.105 0.11070780399274047
6 0.155 0.44464609800362975 0.18666666666666668 0.41742286751361163
0 0.16090000000000002 0.48666061705989105 0.27 0.8130671506352087
6 0.8408333333333333 0.52994555353902 0.195 0.3811252268602541
6 0.56 0.5480943738656987 0.17333333333333334 0.38475499092558985
0 0.8514166666666667 0.5717604355716879 0.26 0.7894736842105263
0 0.5557 0.5919963702359347 0.2683333333333333 0.7422867513611615
2 0.155 0.14972776769509982 0.10333333333333333 0.12159709618874773
1 0.5628166666666666 0.3252813067150635 0.09486666666666667 0.04745916515426497
1 0.15513333333333332 0.19823956442831217 0.09230000000000001 0.04745916515426497
3 0.8416666666666667 0.31691470054446463 0.10641666666666667 0.05584392014519056