2 0.109375 0.31277533039647576 0.09375 0.1527165932452276
6 0.32421875 0.4552129221732746 0.072265625 0.14390602055800295
6 0.478515625 0.4919236417033774 0.048828125 0.11747430249632893
0 0.8974609375 0.5146842878120411 0.1015625 0.6093979441997063
0 0.319619140625 0.5346108663729809 0.10546875 0.4566813509544787
0 0.485703125 0.5277973568281938 0.0693359375 0.3142437591776799
0 0.687431640625 0.5324082232011748 0.0693359375 0.41409691629955947
0 0.099404296875 0.5512922173274596 0.1396484375 0.631424375917768
6 0.90052734375 0.4195447870778267 0.107421875 0.21816446402349485
6 0.693359375 0.4688546255506608 0.069755859375 0.1363582966226138
6 0.103232421875 0.4352863436123348 0.11998046875 0.1950954478707783
2 0.330634765625 0.3125697503671072 0.044638671875 0.03775330396475771
2 0.488974609375 0.38809104258443466 0.054404296875 0.05035242290748899
2 0.684990234375 0.35138032305433187 0.047431640625 0.060837004405286346
2 0.892158203125 0.24333333333333335 0.07115234375 0.0713215859030837