0 0.38846153846153847 0.24242424242424243 0.10615384615384615 0.331002331002331
0 0.24153846153846154 0.27855477855477856 0.07692307692307693 0.337995337995338
0 0.5038461538461538 0.3181818181818182 0.10307692307692308 0.38927738927738925
0 0.7292307692307692 0.38461538461538464 0.11384615384615385 0.3962703962703963
0 0.88 0.4382284382284382 0.07692307692307693 0.2937062937062937
2 0.41384615384615386 0.11888111888111888 0.052307692307692305 0.06060606060606061
2 0.49923076923076926 0.14918414918414918 0.06307692307692307 0.06993006993006994
2 0.7146153846153847 0.2296037296037296 0.05076923076923077 0.06293706293706294
2 0.9166615384615385 0.3321678321678322 0.046153846153846156 0.07382284382284382
5 0.3858923076923077 0.22533799533799534 0.07435384615384615 0.14762237762237762
5 0.49743076923076923 0.270979020979021 0.06153846153846154 0.12237762237762238
5 0.7173076923076923 0.34382284382284384 0.06795384615384616 0.101002331002331
5 0.8775692307692307 0.3952913752913753 0.0705076923076923 0.11072261072261072