0 0.38333333333333336 0.49731182795698925 0.3606060606060606 0.8602150537634409
0 0.7265151515151516 0.5241935483870968 0.3712121212121212 0.946236559139785
0 0.11818181818181818 0.5268817204301075 0.23636363636363636 0.946236559139785
6 0.75 0.6827956989247311 0.3787878787878788 0.6344086021505376
6 0.3893939393939394 0.7163978494623656 0.37575757575757573 0.5241935483870968
6 0.11136363636363636 0.7217741935483871 0.22272727272727272 0.5456989247311828
2 0.6454545454545455 0.17338709677419356 0.20303030303030303 0.23387096774193547
2 0.1159090909090909 0.19489247311827956 0.20757575757575758 0.25
2 0.39621212121212124 0.2110215053763441 0.20454545454545456 0.2768817204301075
1 0.12936363636363635 0.31844086021505374 0.13753030303030303 0.11994623655913977
1 0.3927727272727273 0.305 0.13753030303030303 0.08064516129032258
1 0.6497727272727273 0.2926075268817204 0.14336363636363636 0.10131720430107526