2 0.73925 0.11740435108777195 0.1605 0.17479369842460615
2 0.3085 0.12603150787696923 0.162 0.16204051012753187
2 0.46675 0.2331807951987997 0.1485 0.16429107276819205
0 0.8235 0.5075018754688673 0.334 0.9849962490622656
0 0.21 0.5225056264066017 0.35833499999999996 0.9549887471867967
0 0.514335 0.5725206301575394 0.275 0.8549662415603901
6 0.23175 0.6496624156039009 0.2785 0.6451612903225806
6 0.82125 0.6710427606901725 0.3105 0.6519129782445612
6 0.5195 0.7074268567141786 0.317 0.5851462865716429
3 0.73625 0.21567891972993247 0.14583500000000002 0.076271567891973
3 0.474165 0.3288297074268567 0.156665 0.06251312828207052
3 0.30041500000000004 0.22005251312828206 0.149165 0.08752438109527381