2 0.36692708333333335 0.24861111111111112 0.0515625 0.0787037037037037
6 0.36015625 0.39861111111111114 0.0765625 0.1824074074074074
0 0.36305729166666667 0.5041018518518519 0.1328125 0.5981481481481481
0 0.8325885416666666 0.5107777777777778 0.09583333333333334 0.3194444444444444
0 0.1684166666666667 0.5406759259259258 0.09486458333333332 0.39299074074074075
0 0.640625 0.45172222222222225 0.0625 0.3214259259259259
2 0.6443437500000001 0.3551574074074074 0.04613020833333333 0.07010185185185185
5 0.6432291666666666 0.4484166666666667 0.03199479166666667 0.08994444444444445
4 0.8054322916666667 0.3928611111111111 0.02753125 0.06878703703703705
5 0.8485885416666666 0.4742037037037037 0.04984895833333333 0.14682407407407408
6 0.154015625 0.46494444444444444 0.05505729166666666 0.16799074074074075
2 0.19568229166666665 0.38360185185185186 0.03571354166666666 0.07672222222222222
0 0.10267708333333332 0.5132314814814815 0.04613020833333333 0.32275
5 0.10416666666666667 0.46825 0.03125 0.11904629629629629
2 0.10528124999999999 0.38227777777777777 0.033484375000000004 0.044972222222222226