2 0.23222222222222222 0.3412256267409471 0.10888888888888888 0.10863509749303621
2 0.8588888888888889 0.3607242339832869 0.08666666666666667 0.08635097493036212
2 0.40444444444444444 0.38440111420612816 0.09777777777777778 0.08913649025069638
4 0.58 0.4206128133704735 0.08444444444444445 0.10584958217270195
4 0.7322222222222222 0.43036211699164345 0.07777777777777778 0.09192200557103064
6 0.39111111111111113 0.616991643454039 0.1511111111111111 0.2757660167130919
6 0.1791111111111111 0.6428690807799443 0.21555555555555556 0.3871866295264624
5 0.5844444444444444 0.6434540389972145 0.15555555555555556 0.3231197771587744
0 0.17893333333333333 0.6276601671309192 0.27111111111111114 0.7075208913649025
0 0.9011111111111111 0.6545961002785515 0.19777777777777777 0.6908077994428969
0 0.39244444444444443 0.6658774373259053 0.19777777777777777 0.6629526462395543
0 0.5853333333333333 0.677883008356546 0.19777777777777777 0.6155988857938719
0 0.7472 0.6977715877437326 0.17777777777777778 0.6044568245125348
6 0.8888888888888888 0.5789972144846797 0.1672 0.27721448467966575
6 0.7365111111111111 0.6094986072423398 0.1164 0.23211699164345403