4 0.48541666666666666 0.19074074074074074 0.052083333333333336 0.07777777777777778
6 0.4088541666666667 0.23333333333333334 0.084375 0.2111111111111111
0 0.40170833333333333 0.23835185185185187 0.10729166666666666 0.36666666666666664
6 0.5817708333333333 0.29907407407407405 0.13854166666666667 0.2611111111111111
0 0.5840729166666667 0.43637037037037035 0.15625 0.7092592592592593
0 0.7609375 0.45555555555555555 0.128125 0.24444444444444444
6 0.825 0.6611111111111111 0.08333333333333333 0.1814814814814815
0 0.8342291666666667 0.6753888888888888 0.17916666666666667 0.24814814814814815
4 0.4161458333333333 0.08703703703703704 0.04479166666666667 0.05925925925925926
4 0.5916666666666667 0.12275925925925928 0.06041666666666667 0.07777777777777778
4 0.8898854166666667 0.6124259259259259 0.04315625 0.08464814814814815
4 0.7875729166666667 0.3968333333333333 0.049854166666666665 0.10316666666666667
6 0.7392083333333334 0.46164814814814814 0.045385416666666664 0.1587222222222222