0 0.86486 0.632 0.182 0.7306666666666667
0 0.66 0.5748533333333333 0.088 0.47733333333333333
0 0.458 0.5706666666666667 0.1 0.44266666666666665
0 0.19784000000000002 0.552 0.096 0.432
2 0.876 0.31866666666666665 0.092 0.09866666666666667
2 0.737 0.364 0.05 0.06133333333333333
2 0.191 0.38111999999999996 0.062 0.08533333333333333
2 0.46 0.38821333333333335 0.064 0.06133333333333333
5 0.459 0.48533333333333334 0.106 0.13866666666666666
5 0.205 0.492 0.094 0.17333333333333334
5 0.67084 0.49888000000000005 0.098 0.176
5 0.87664 0.5055733333333333 0.17 0.21066666666666667
2 0.66084 0.3497066666666666 0.05916 0.04944