2 0.2568359375 0.15294117647058825 0.14453125 0.15294117647058825
2 0.68603515625 0.2529411764705882 0.1435546875 0.1676470588235294
2 0.56201171875 0.26323529411764707 0.1044921875 0.1588235294117647
2 0.39599609375 0.2977941176470588 0.1591796875 0.17794117647058824
0 0.204853515625 0.5367647058823529 0.240859375 0.9264705882352942
0 0.715419921875 0.5845588235294118 0.2919921875 0.8308823529411765
6 0.198193359375 0.5865 0.202685546875 0.49973529411764706
0 0.408642578125 0.6080882352941176 0.232421875 0.7838235294117647
6 0.70703125 0.736764705882353 0.265625 0.5264705882352941
6 0.408916015625 0.7485294117647059 0.199755859375 0.5029411764705882
3 0.688916015625 0.34625 0.1526953125 0.09091176470588236
3 0.25080078125 0.2426470588235294 0.12873046875 0.07352941176470588
3 0.397724609375 0.38636764705882354 0.163349609375 0.08555882352941177
3 0.563740234375 0.350264705882353 0.110087890625 0.07486764705882352
0 0.552197265625 0.32686764705882354 0.1526953125 0.34625