2 0.8091666666666667 0.155625 0.07166666666666667 0.07625
2 0.7470833333333333 0.165 0.05583333333333333 0.0825
2 0.26875 0.18625 0.0775 0.0875
2 0.14708333333333334 0.245625 0.0725 0.07375
0 0.7425 0.3747875 0.13833333333333334 0.51875
6 0.85625 0.38625 0.09083333333333334 0.2925
6 0.73125 0.400625 0.08583333333333333 0.31625
6 0.29 0.4425 0.14166666666666666 0.325
6 0.12875 0.46 0.14416666666666667 0.3025
0 0.8368083333333333 0.533125 0.14583333333333334 0.86125
0 0.132775 0.5472874999999999 0.16 0.70125
0 0.28791666666666665 0.5658375 0.17416666666666666 0.8475
2 0.57 0.650625 0.07666666666666666 0.15375
2 0.6466666666666666 0.66625 0.058333333333333334 0.135
6 0.7508333333333334 0.676875 0.14666666666666667 0.15625
5 0.46041666666666664 0.713125 0.13583333333333333 0.17875
0 0.4894416666666667 0.751875 0.22166666666666668 0.39375
0 0.71875 0.7602125 0.22416666666666665 0.38375