5 0.699 0.4069069069069069 0.082 0.19519519519519518
5 0.836 0.5015015015015015 0.16 0.34234234234234234
0 0.6895399999999999 0.4832132132132132 0.11 0.6906906906906907
5 0.39236 0.5354954954954955 0.124 0.34534534534534533
0 0.8341799999999999 0.5621021021021021 0.216 0.8757957957957958
0 0.19628 0.545045045045045 0.198 0.8798798798798799
5 0.193 0.5960960960960962 0.186 0.5075075075075075
0 0.39582 0.6067567567567568 0.136 0.7837837837837838
2 0.179 0.16966966966966968 0.162 0.12912912912912913
2 0.797 0.1906906906906907 0.102 0.12312312312312312
2 0.706 0.2012012012012012 0.072 0.07807807807807808
2 0.405 0.26876876876876876 0.082 0.09309309309309309