2 0.638427734375 0.36627906976744184 0.04345703125 0.047238372093023256
2 0.64013671875 0.47474563953488375 0.04736328125 0.05123546511627907
2 0.4586181640625 0.49327761627906974 0.045166015625 0.045421511627906974
2 0.723876953125 0.5023619186046512 0.04248046875 0.046875
2 0.5609130859375 0.5030886627906976 0.049072265625 0.048328488372093026
2 0.360595703125 0.5065406976744186 0.0498046875 0.055232558139534885
2 0.7908935546875 0.5103561046511628 0.036376953125 0.045421511627906974
2 0.124755859375 0.521984011627907 0.0478515625 0.06867732558139535
2 0.2628173828125 0.5586845930232558 0.043212890625 0.039607558139534885
2 0.1943359375 0.5761264534883721 0.0478515625 0.06577034883720931
6 0.5460205078125 0.6262718023255814 0.093994140625 0.19658430232558138
6 0.63309814453125 0.6227579941860465 0.07413818359375 0.20191497093023256
6 0.720703125 0.6396547965116279 0.07584716796875 0.16569767441860464
6 0.1102294921875 0.654796511627907 0.101806640625 0.18531976744186046
6 0.4505615234375 0.6575218023255814 0.086181640625 0.203125
6 0.7991943359375 0.6604287790697675 0.081298828125 0.2089389534883721
6 0.3607177734375 0.6709665697674418 0.090087890625 0.20457848837209303
0 0.63309814453125 0.6902870639534884 0.093017578125 0.47747093023255816
6 0.26416015625 0.6954941860465116 0.07470703125 0.18968023255813954
0 0.72542236328125 0.6984011627906976 0.08528564453125 0.46656976744186046
0 0.45170166015625 0.7008248546511628 0.093994140625 0.48401162790697677
0 0.80562255859375 0.6934338662790698 0.08992431640625 0.4440406976744186
6 0.1859130859375 0.7067587209302325 0.078369140625 0.1867732558139535
0 0.54764892578125 0.712329215116279 0.091552734375 0.48546511627906974
0 0.35734130859375 0.7135428779069768 0.0947265625 0.4789244186046512
0 0.10428955078125 0.7114825581395349 0.104248046875 0.4752906976744186
0 0.27164794921875 0.7404905523255814 0.091796875 0.4226017441860465
0 0.1885986328125 0.7421875 0.062744140625 0.39789244186046513
2 0.56005859375 0.12518168604651161 0.048828125 0.05995639534883721
2 0.474609375 0.13493095930232557 0.0380859375 0.04869186046511628
6 0.55586669921875 0.2507885174418604 0.07771728515625 0.1735719476744186
6 0.468505859375 0.2596911337209302 0.07454345703125 0.1630341569767442
0 0.4632568359375 0.27482921511627906 0.090576171875 0.3808139534883721
0 0.561279296875 0.28234011627906974 0.1005859375 0.4164244186046512
3 0.55948974609375 0.14353197674418605 0.03499267578125 0.025436046511627907
3 0.4736328125 0.15140625 0.0341796875 0.024226017441860467
3 0.79427001953125 0.5305232558139535 0.03743408203125 0.029069767441860465
3 0.72346923828125 0.5250726744186046 0.0439453125 0.030279796511627908
3 0.63802001953125 0.49781976744186046 0.04719970703125 0.03149345930232558
3 0.557861328125 0.526282703488372 0.04475830078125 0.030279796511627908
3 0.45735595703125 0.5196220930232558 0.04231689453125 0.026646075581395347
3 0.36295654296875 0.5396075581395349 0.04719970703125 0.030279796511627908
3 0.262451171875 0.5801853197674419 0.04313232421875 0.03149345930232558
1 0.19368408203125 0.5941133720930233 0.0341796875 0.025436046511627907
1 0.12410400390625 0.531733284883721 0.03987548828125 0.03149345930232558