2 0.37 0.342485549132948 0.038181818181818185 0.03757225433526012
0 0.6681818181818182 0.3439306358381503 0.11454545454545455 0.3872832369942196
2 0.12363636363636364 0.3439306358381503 0.04363636363636364 0.05202312138728324
2 0.1809090909090909 0.3554913294797688 0.02727272727272727 0.046242774566473986
2 0.4581818181818182 0.3598265895953757 0.03636363636363636 0.049132947976878616
6 0.12636363636363637 0.44508670520231214 0.045454545454545456 0.13872832369942195
5 0.37727272727272726 0.4595375722543353 0.056363636363636366 0.14450867052023122
5 0.18727272727272729 0.4667630057803468 0.06545454545454546 0.14739884393063585
5 0.4709090909090909 0.47398843930635837 0.06181818181818182 0.1329479768786127
0 0.12363636363636364 0.4956647398843931 0.06727272727272728 0.3815028901734104
0 0.19545454545454546 0.5057803468208093 0.07636363636363637 0.3265895953757225
0 0.37454545454545457 0.5043352601156069 0.09272727272727273 0.3554913294797688
0 0.47 0.5289017341040463 0.07818181818181819 0.3786127167630058