6 0.7408333333333333 0.5833333333333334 0.055 0.0761904761904762
0 0.7420333333333334 0.6251428571428571 0.06333333333333334 0.24761904761904763
0 0.6833333333333333 0.6821428571428572 0.05333333333333334 0.09761904761904762
2 0.7333333333333333 0.5244761904761904 0.031483333333333335 0.030428571428571426
2 0.6717666666666666 0.6534285714285715 0.0213 0.029095238095238098
6 0.6847166666666666 0.694452380952381 0.032400000000000005 0.05554761904761904
0 0.47823333333333334 0.6534285714285715 0.03796666666666667 0.1164047619047619
6 0.47314999999999996 0.6699761904761904 0.02036666666666667 0.04628571428571429
2 0.48518333333333336 0.6355714285714286 0.022216666666666666 0.025142857142857144
0 0.3199 0.668 0.04351666666666667 0.08466666666666667
2 0.32361666666666666 0.6481428571428572 0.02685 0.047619047619047616