4 0.8958333333333334 0.3234375 0.10416666666666667 0.134375
2 0.7697916666666667 0.3625 0.06458333333333334 0.06875
4 0.4635416666666667 0.3859375 0.05625 0.121875
4 0.6702916666666667 0.38071875 0.041666666666666664 0.075
4 0.11381250000000001 0.40925 0.08541666666666667 0.08125
4 0.5802083333333333 0.421875 0.05625 0.0875
6 0.671875 0.4984375 0.08958333333333333 0.159375
6 0.7833333333333333 0.5 0.05416666666666667 0.1875
0 0.7730625 0.5139375 0.10208333333333333 0.440625
6 0.46770833333333334 0.559375 0.10625 0.25
0 0.6656666666666666 0.56071875 0.1125 0.43125
5 0.903125 0.565625 0.16041666666666668 0.35
6 0.5875 0.63125 0.10833333333333334 0.31875
0 0.9086458333333333 0.612375 0.18270833333333333 0.77528125
0 0.45435416666666667 0.6292187499999999 0.11214583333333333 0.63425
6 0.1375 0.6484375 0.19166666666666668 0.321875
0 0.13220833333333334 0.65925 0.234875 0.5790625
0 0.5755 0.6725 0.12708333333333333 0.603125