2 0.5068359375 0.2005856515373353 0.09375 0.08199121522693997
2 0.7197265625 0.24963396778916544 0.09375 0.08638360175695461
6 0.5244140625 0.6207906295754027 0.22265625 0.4480234260614934
6 0.2578125 0.6383601756954612 0.2734375 0.5768667642752562
6 0.80908203125 0.6500732064421669 0.2216796875 0.4011713030746706
2 0.32275390625 0.13543191800878476 0.1279296875 0.12152269399707175
0 0.261005859375 0.5219619326500732 0.27521484375 0.9560761346998536
3 0.3284765625 0.23226939970717422 0.122509765625 0.07054172767203513
3 0.522021484375 0.2788433382137628 0.09587890625 0.07054172767203513
3 0.737744140625 0.33609077598828696 0.09587890625 0.06787701317715959
0 0.80876953125 0.5838506588579795 0.321376953125 0.8322840409956077
0 0.526455078125 0.5638945827232796 0.234375 0.8722254758418742