2 0.8161458333333333 0.7875 0.084375 0.0578125
2 0.7338541666666667 0.794140625 0.065625 0.04765625
2 0.1640625 0.81171875 0.08229166666666667 0.059375
0 0.3859375 0.86171875 0.21770833333333334 0.2765625
0 0.8536458333333333 0.8796875 0.15729166666666666 0.240625
0 0.16927083333333334 0.88515625 0.13958333333333334 0.2296875
0 0.7447916666666666 0.88515625 0.13854166666666667 0.2296875
5 0.37083333333333335 0.90078125 0.19791666666666666 0.1984375
5 0.8432291666666667 0.918359375 0.14479166666666668 0.16328125
5 0.15052083333333333 0.92109375 0.14270833333333333 0.153125
2 0.37604166666666666 0.76328125 0.1 0.0765625