2 0.46541666666666665 0.184375 0.0525 0.06625
2 0.27694166666666664 0.17666250000000003 0.04981666666666667 0.055549999999999995
2 0.3854166666666667 0.1975 0.0575 0.0725
6 0.2625 0.375 0.105 0.25
6 0.48291666666666666 0.379375 0.10916666666666666 0.24125
0 0.26805833333333334 0.471175 0.12315 0.6540250000000001
0 0.4866166666666667 0.478125 0.11509166666666668 0.65875
0 0.3713 0.47486249999999997 0.10666666666666667 0.64
6 0.37685 0.3048625 0.09074166666666666 0.09305
3 0.27592500000000003 0.20625 0.05185 0.03195
3 0.3819416666666667 0.215975 0.05463333333333333 0.040275
3 0.46435000000000004 0.2118 0.045366666666666666 0.040275