2 0.7184684684684685 0.354 0.051351351351351354 0.112
2 0.8420990990990991 0.35154 0.042756756756756754 0.07262
2 0.47907207207207203 0.36716000000000004 0.03423423423423423 0.07
2 0.4175675675675676 0.384 0.027927927927927927 0.064
2 0.6671171171171171 0.384 0.03513513513513514 0.052
2 0.3684684684684685 0.401 0.03423423423423423 0.074
2 0.5509009009009009 0.414 0.036936936936936934 0.072
2 0.6058558558558559 0.429 0.02972972972972973 0.066
6 0.6675675675675675 0.512 0.04504504504504504 0.228
6 0.42162162162162165 0.518 0.043243243243243246 0.184
6 0.48423423423423423 0.518 0.051351351351351354 0.22
6 0.8594594594594595 0.541 0.07207207207207207 0.246
6 0.5495495495495496 0.546 0.05405405405405406 0.208
6 0.37027027027027026 0.549 0.05405405405405406 0.226
0 0.48444144144144147 0.53208 0.05855855855855856 0.422
6 0.6063063063063063 0.559 0.04684684684684685 0.202
6 0.727027027027027 0.563 0.07387387387387387 0.282
0 0.4252252252252252 0.5587000000000001 0.05945945945945946 0.442
0 0.5522882882882882 0.59554 0.05855855855855856 0.452
0 0.6612972972972972 0.58324 0.06036036036036036 0.496
0 0.36767567567567566 0.6119199999999999 0.05675675675675676 0.474
0 0.6102252252252253 0.59676 0.05675675675675676 0.416
0 0.8511801801801802 0.60162 0.09542342342342343 0.598
0 0.7248108108108108 0.64946 0.08828828828828829 0.698