2 0.5638020833333334 0.20879629629629629 0.08802083333333334 0.09166666666666666
2 0.1470625 0.3238055555555555 0.050520833333333334 0.05740740740740741
2 0.25141145833333334 0.34576851851851853 0.04479166666666667 0.05925925925925926
2 0.425 0.38842592592592595 0.04583333333333333 0.075
5 0.5697187499999999 0.37295370370370373 0.14479166666666668 0.16944444444444445
5 0.14616666666666667 0.4146851851851852 0.09322916666666667 0.08888888888888889
0 0.14036458333333332 0.4406759259259259 0.11822916666666666 0.30833333333333335
5 0.24702604166666667 0.44463888888888886 0.07395833333333333 0.11574074074074074
0 0.27265625 0.47440740740740744 0.1421875 0.3212962962962963
5 0.41119791666666666 0.4861111111111111 0.1046875 0.10925925925925926
0 0.41380208333333335 0.5028425925925927 0.12328645833333333 0.3183888888888889
0 0.5688593750000001 0.5359166666666666 0.15989583333333332 0.7675925925925926