2 0.9465384615384616 0.16102564102564101 0.03923076923076923 0.057435897435897436
2 0.7746153846153846 0.1758974358974359 0.07538461538461538 0.052307692307692305
2 0.28807692307692306 0.1764102564102564 0.08692307692307692 0.08205128205128205
6 0.9488461538461539 0.2692307692307692 0.08538461538461538 0.15076923076923077
0 0.943076923076923 0.2794871794871795 0.08 0.3005128205128205
6 0.7826923076923077 0.3123076923076923 0.07615384615384616 0.16923076923076924
6 0.25846153846153846 0.34307692307692306 0.1 0.23692307692307693
0 0.7776923076923077 0.3641025641025641 0.12 0.438974358974359
0 0.2603846153846154 0.4230769230769231 0.13615384615384615 0.5671794871794872
6 0.48538461538461536 0.7256410256410256 0.08615384615384615 0.18769230769230769
2 0.42846153846153845 0.6133333333333333 0.05692307692307692 0.05333333333333334