4 0.619921875 0.5041666666666667 0.07109375 0.10833333333333334
4 0.506640625 0.5166666666666667 0.03515625 0.05555555555555555
2 0.754296875 0.53125 0.06328125 0.07083333333333333
5 0.503515625 0.6590277777777778 0.05234375 0.1597222222222222
0 0.7568046875000001 0.7224166666666666 0.1 0.43333333333333335
0 0.49838281249999994 0.7161666666666666 0.07421875 0.4597222222222222
0 0.609765625 0.7347222222222223 0.10859375 0.5222222222222223
5 0.61328125 0.7708333333333334 0.10625 0.2833333333333333
5 0.752734375 0.7756944444444445 0.09140625 0.25972222222222224
3 0.7566953125 0.5833333333333334 0.049109375 0.03968055555555556
3 0.5066953125 0.5317500000000001 0.0267890625 0.035708333333333335
3 0.623328125 0.5486111111111112 0.052453125 0.05356944444444445