0 0.36445833333333333 0.49375 0.06583333333333333 0.265
0 0.4041666666666667 0.4957625 0.043333333333333335 0.20875
0 0.6127833333333333 0.496675 0.060833333333333336 0.20625
0 0.8454166666666667 0.5125 0.2875 0.725
2 0.7508333333333334 0.209375 0.09 0.11875
6 0.8584666666666667 0.3375 0.21166666666666667 0.205
2 0.3825 0.385 0.03333333333333333 0.0475
2 0.41125 0.413125 0.024166666666666666 0.03375
2 0.5983333333333334 0.415625 0.025 0.04125
6 0.35375 0.4375 0.0375 0.1025
6 0.62375 0.45332500000000003 0.049166666666666664 0.06875
6 0.39666666666666667 0.45875 0.03 0.08