0 0.6012708333333333 0.5884259259259259 0.044270833333333336 0.2101851851851852
5 0.6903645833333333 0.5064814814814815 0.025520833333333333 0.08333333333333333
2 0.6010416666666667 0.5078703703703704 0.021875 0.03425925925925926
5 0.7440104166666667 0.5152777777777777 0.034895833333333334 0.09351851851851851
2 0.65390625 0.5189814814814815 0.019270833333333334 0.03796296296296296
0 0.6884374999999999 0.5272222222222221 0.029166666666666667 0.17962962962962964
0 0.7461979166666667 0.5320370370370371 0.04010416666666667 0.16666666666666666
5 0.5989583333333334 0.5568518518518518 0.034375 0.07592592592592592
5 0.6565104166666667 0.5744444444444444 0.0265625 0.09259259259259259
0 0.6536458333333334 0.5940740740740741 0.035416666666666666 0.1925925925925926
2 0.7465208333333333 0.41853703703703704 0.015536458333333333 0.025222222222222222