4 0.4025 0.4509433962264151 0.115 0.12452830188679245
4 0.21625 0.4981132075471698 0.0675 0.07547169811320754
4 0.12 0.5018867924528302 0.045 0.06037735849056604
0 0.23552499999999998 0.5487924528301887 0.125 0.19622641509433963
0 0.7554500000000001 0.5559245283018868 0.46409999999999996 0.8277735849056604
0 0.426975 0.5784528301886792 0.185 0.3849056603773585
5 0.44 0.6622641509433962 0.16 0.23773584905660378
5 0.7625 0.6660377358490566 0.36 0.49433962264150944
4 0.63125 0.2528301886792453 0.2025 0.2037735849056604
3 0.610725 0.3510943396226415 0.148225 0.08222641509433962
5 0.26205 0.5849056603773585 0.0616 0.09973584905660378
0 0.1308 0.5195471698113208 0.079475 0.12803773584905662