2 0.1511111111111111 0.6875 0.03111111111111111 0.036616161616161616
2 0.5916666666666667 0.6881313131313131 0.056666666666666664 0.05303030303030303
2 0.06888888888888889 0.6963383838383839 0.03333333333333333 0.036616161616161616
2 0.4061111111111111 0.6982323232323232 0.04777777777777778 0.047979797979797977
2 0.22277777777777777 0.7108585858585859 0.03222222222222222 0.03282828282828283
6 0.41074444444444447 0.7770707070707071 0.09111111111111111 0.11616161616161616
6 0.23277777777777778 0.7872474747474747 0.056666666666666664 0.11237373737373738
0 0.30808888888888886 0.6370707070707071 0.05296666666666667 0.20959595959595959
6 0.03277777777777778 0.4061489898989899 0.06555555555555556 0.1414141414141414
0 0.12031111111111112 0.7898484848484848 0.043333333333333335 0.1717171717171717
0 0.16018888888888888 0.7974873737373738 0.058888888888888886 0.2537878787878788
0 0.29413333333333336 0.7945454545454546 0.06308888888888889 0.22741161616161618
0 0.22901111111111114 0.8011363636363636 0.06222222222222222 0.21338383838383837
0 0.062288888888888894 0.8103914141414142 0.06333333333333334 0.26136363636363635
0 0.5927111111111112 0.8280681818181819 0.09506666666666667 0.3438510101010101
0 0.40715555555555555 0.8034469696969697 0.10222222222222223 0.351010101010101
6 0.5907444444444444 0.772310606060606 0.07284444444444445 0.10241161616161616
6 0.31296666666666667 0.6116666666666667 0.03333333333333333 0.06733585858585858
2 0.30987777777777775 0.5527525252525253 0.027155555555555558 0.03085858585858586
2 0.1209888888888889 0.7210984848484848 0.019755555555555557 0.028055555555555556
6 0.11913333333333333 0.7659974747474747 0.023455555555555556 0.053308080808080804
6 0.16604444444444444 0.7631818181818183 0.0358 0.07575757575757576