2 0.49166666666666664 0.31 0.052222222222222225 0.06
2 0.5727777777777778 0.3125 0.04777777777777778 0.09166666666666666
2 0.1827777777777778 0.31583333333333335 0.056666666666666664 0.058333333333333334
2 0.40944444444444444 0.32416666666666666 0.06111111111111111 0.075
5 0.17 0.435 0.09777777777777778 0.17666666666666667
5 0.4905555555555556 0.4558333333333333 0.09666666666666666 0.205
5 0.5909222222222222 0.45320000000000005 0.09074444444444445 0.18695
5 0.3894444444444444 0.4691666666666667 0.10555555555555556 0.19833333333333333
0 0.5888888888888889 0.5097166666666666 0.08703333333333334 0.5277833333333334
0 0.4861111111111111 0.5104166666666666 0.07777777777777778 0.5152833333333333
0 0.38703333333333334 0.5361166666666667 0.10925555555555555 0.5527833333333334