0 0.7080078125 0.5475841874084919 0.19921875 0.9048316251830161
0 0.483857421875 0.5485358711566618 0.251953125 0.9019033674963397
0 0.1823046875 0.5358711566617862 0.291015625 0.8521229868228404
2 0.504267578125 0.15739385065885797 0.1201171875 0.10102489019033675
4 0.6982421875 0.16251830161054173 0.125 0.12298682284040996
2 0.22900390625 0.18521229868228403 0.1552734375 0.13323572474377746
6 0.48548828125 0.4299267935578331 0.17578125 0.24743777452415813
6 0.708984375 0.5790629575402635 0.197265625 0.5226939970717424
6 0.20787109375 0.5843923865300146 0.19921875 0.5212298682284041
3 0.50958984375 0.23159590043923867 0.106533203125 0.05856515373352855
3 0.238369140625 0.24756954612005858 0.146484375 0.0612298682284041
3 0.682705078125 0.23559297218155198 0.110087890625 0.07187408491947292