5 0.48541666666666666 0.13287037037037036 0.023958333333333335 0.06944444444444445
5 0.3640625 0.1388888888888889 0.022916666666666665 0.06296296296296296
5 0.5169270833333334 0.1388888888888889 0.022395833333333334 0.06296296296296296
0 0.484375 0.13472222222222222 0.028125 0.1287037037037037
0 0.5184895833333333 0.1439814814814815 0.027604166666666666 0.13240740740740742
5 0.44895833333333335 0.14675925925925926 0.026041666666666668 0.06759259259259259
0 0.36328125 0.1574074074074074 0.021354166666666667 0.13333333333333333
0 0.3859375 0.15 0.022916666666666665 0.1259259259259259
0 0.4479166666666667 0.15416666666666667 0.03229166666666667 0.13425925925925927
5 0.3848958333333333 0.12777777777777777 0.021875 0.040740740740740744
2 0.3854166666666667 0.09444444444444444 0.0125 0.025925925925925925
2 0.4484375 0.10277777777777777 0.019791666666666666 0.024074074074074074
2 0.48541666666666666 0.08518518518518518 0.016666666666666666 0.022222222222222223
2 0.5171875 0.09259259259259259 0.017708333333333333 0.022222222222222223
4 0.3619791666666667 0.09814814814814815 0.011458333333333333 0.018518518518518517