0 0.46444444444444444 0.4175 0.06444444444444444 0.17
2 0.9105555555555556 0.48541666666666666 0.04555555555555556 0.049166666666666664
2 0.7341666666666666 0.5308333333333334 0.042777777777777776 0.04833333333333333
2 0.8736111111111111 0.5370833333333334 0.029444444444444443 0.035833333333333335
6 0.9302777777777778 0.6075 0.07611111111111112 0.15166666666666667
6 0.7508333333333334 0.6091666666666666 0.065 0.105
6 0.2877777777777778 0.6129166666666667 0.07444444444444444 0.1375
6 0.8766666666666667 0.6216666666666667 0.04111111111111111 0.11333333333333333
6 0.5975 0.6241666666666666 0.08055555555555556 0.135
0 0.8702777777777778 0.6329166666666667 0.05388888888888889 0.24666666666666667
0 0.7458333333333333 0.6483333333333333 0.07722222222222222 0.2825
0 0.9316666666666666 0.65875 0.07888888888888888 0.4166666666666667
0 0.28888888888888886 0.67625 0.085 0.32666666666666666
0 0.5980555555555556 0.6883333333333334 0.08444444444444445 0.32083333333333336
6 0.46875 0.41770833333333335 0.04027777777777778 0.07291666666666667
2 0.2881944444444444 0.5354166666666667 0.0375 0.04583333333333333
4 0.5875 0.5322916666666667 0.03611111111111111 0.035416666666666666
4 0.45555555555555555 0.36041666666666666 0.025 0.0375