0 0.7506499999999999 0.5621603563474388 0.1 0.43875278396436523
0 0.6423500000000001 0.6191536748329621 0.135 0.6458797327394209
0 0.5259833333333332 0.5692427616926503 0.12166666666666667 0.5144766146993318
0 0.3325 0.6035634743875279 0.135 0.5657015590200446
2 0.6416666666666667 0.3287082405345212 0.06666666666666667 0.06904231625835189
2 0.7606833333333334 0.3576614699331849 0.03833333333333333 0.0378619153674833
2 0.33916666666666667 0.36302895322939865 0.051666666666666666 0.053452115812917596
2 0.5273333333333333 0.3712694877505568 0.051666666666666666 0.0645879732739421
5 0.7618166666666666 0.477728285077951 0.08666666666666667 0.16258351893095768
5 0.5308333333333334 0.48238307349665926 0.09833333333333333 0.11804008908685969
5 0.33166666666666667 0.49665924276169265 0.09666666666666666 0.155902004454343
5 0.6483333333333333 0.5209576837416481 0.11 0.24053452115812918