2 0.5481770833333334 0.43148148148148147 0.0203125 0.03148148148148148
2 0.6309895833333333 0.4444444444444444 0.0171875 0.03333333333333333
2 0.39296875 0.45416666666666666 0.0234375 0.03796296296296296
5 0.659375 0.46574074074074073 0.028125 0.07222222222222222
5 0.55625 0.4810185185185185 0.026041666666666668 0.06944444444444445
0 0.6567708333333333 0.4869444444444444 0.0375 0.15833333333333333
2 0.38619791666666664 0.48148148148148145 0.015104166666666667 0.02962962962962963
0 0.5568229166666666 0.5019351851851852 0.0484375 0.1787037037037037
5 0.6317708333333333 0.49398148148148147 0.021875 0.07314814814814814
0 0.6338541666666667 0.5087037037037037 0.03958333333333333 0.18333333333333332
5 0.39401041666666664 0.5328703703703703 0.027604166666666666 0.06759259259259259
0 0.3903125 0.5511111111111111 0.03333333333333333 0.17037037037037037