0 0.58091796875 0.5777126099706745 0.046875 0.18181818181818182
0 0.50279296875 0.5943695014662757 0.03515625 0.12463343108504399
0 0.1053125 0.5273900293255132 0.091796875 0.41642228739002934
0 0.31578125 0.6090322580645161 0.2216796875 0.5175953079178885
2 0.1142578125 0.3651026392961877 0.046875 0.07331378299120235
2 0.3056640625 0.436950146627566 0.095703125 0.16715542521994134
6 0.100068359375 0.47653958944281527 0.072265625 0.12609970674486803
2 0.576171875 0.5087976539589443 0.017578125 0.026392961876832845
6 0.5830078125 0.5471260997067449 0.029296875 0.04985337243401759
0 0.72013671875 0.5680645161290323 0.044921875 0.15249266862170088
6 0.501953125 0.5696480938416423 0.0234375 0.045454545454545456