2 0.784375 0.4215277777777778 0.1078125 0.1125
4 0.31484375 0.47291666666666665 0.0375 0.043055555555555555
2 0.473046875 0.4791666666666667 0.04765625 0.05
4 0.6546875 0.49930555555555556 0.0359375 0.05416666666666667
5 0.319921875 0.5451388888888888 0.03671875 0.09861111111111111
5 0.470703125 0.5930555555555556 0.04609375 0.14722222222222223
0 0.321875 0.6013888888888889 0.08125 0.3194444444444444
5 0.6546875 0.6444444444444445 0.0703125 0.2
0 0.77421875 0.64375 0.16875 0.5958333333333333
0 0.47265625 0.6423611111111112 0.0875 0.38472222222222224
0 0.65 0.7069444444444445 0.0921875 0.49722222222222223
5 0.77421875 0.7256944444444444 0.1234375 0.29583333333333334
1 0.79375 0.4909722222222222 0.0921875 0.05416666666666667