0 0.7388655862726407 0.5221745350500715 0.36892278360343184 0.9556509298998569
2 0.2092469018112488 0.5915593705293276 0.07340324118207817 0.0815450643776824
2 0.33317445185891326 0.6051502145922747 0.07721639656816015 0.06294706723891273
6 0.7235462345090562 0.6151645207439199 0.24785510009532888 0.5064377682403434
0 0.18201143946615825 0.7753934191702432 0.21448999046711154 0.4492131616595136
0 0.37797902764537655 0.7854077253218884 0.2049571020019066 0.4291845493562232
6 0.18561487130600574 0.8640915593705293 0.19447092469018112 0.2718168812589413
2 0.7149666348903718 0.11301859799713877 0.1315538608198284 0.10300429184549356
6 0.33569113441372733 0.868898426323319 0.11848427073403242 0.26221745350500714
3 0.20563393708293615 0.6325321888412017 0.06264061010486177 0.051087267525035764
3 0.3411439466158246 0.6519456366237482 0.05583412774070543 0.0327038626609442
3 0.7122402287893231 0.18188841201716738 0.09805529075309818 0.040872675250357655