2 0.2165 0.19333333333333333 0.099 0.10933333333333334
2 0.495 0.24533333333333332 0.084 0.08533333333333333
2 0.37 0.252 0.082 0.08266666666666667
2 0.605 0.252 0.074 0.09066666666666667
2 0.74 0.268 0.09 0.088
6 0.222 0.472 0.17 0.37333333333333335
6 0.758 0.476 0.138 0.2853333333333333
6 0.489 0.4786666666666667 0.118 0.30133333333333334
6 0.613 0.48 0.124 0.2773333333333333
6 0.371 0.492 0.13 0.31466666666666665
0 0.22329 0.564 0.178 0.872
0 0.63129 0.59124 0.164 0.752
0 0.4885 0.5946666666666667 0.145 0.8106666666666666
0 0.7692899999999999 0.60248 0.17 0.7386666666666667
0 0.36813999999999997 0.6093333333333333 0.112 0.7813333333333333
3 0.22143000000000002 0.23238666666666666 0.06286 0.03048
3 0.37786000000000003 0.2923866666666667 0.05857 0.03238666666666667
3 0.49857 0.28381333333333336 0.05143 0.03048
3 0.6107100000000001 0.29142666666666667 0.06143 0.03048
3 0.7435700000000001 0.30666666666666664 0.05571 0.03809333333333333