6 0.8797513321492008 0.5672671521655807 0.23552397868561278 0.390954388654657
0 0.16642984014209591 0.5919892679187428 0.33285968028419183 0.8160214641625144
6 0.16554174067495558 0.6015714833269452 0.3062166962699822 0.44423150632426217
0 0.872113676731794 0.605212725182062 0.2557726465364121 0.7895745496358758
0 0.5563055062166963 0.6379839018781143 0.3062166962699822 0.7240321962437716
6 0.5634103019538188 0.7031429666538904 0.3062166962699822 0.41740130318129554
2 0.16909413854351688 0.2529704867765427 0.18543516873889876 0.1379839018781142
2 0.883303730017762 0.27788424683786894 0.15737122557726466 0.11626293599080106
2 0.5278863232682061 0.3430433116136451 0.1570159857904085 0.11881947106170947
3 0.8756660746003553 0.33729398236872365 0.12906927175843694 0.038328861632809505
3 0.16636944937833037 0.3238788807972403 0.1503836589698046 0.06515906477577615
3 0.5346358792184724 0.4120352625527022 0.15985790408525755 0.047270985051743965