2 0.6757246376811594 0.3285024154589372 0.15942028985507245 0.18840579710144928
2 0.38315217391304346 0.3538647342995169 0.08514492753623189 0.09903381642512077
2 0.8288043478260869 0.4227053140096618 0.11413043478260869 0.13526570048309178
2 0.16847826086956522 0.4227053140096618 0.17391304347826086 0.17391304347826086
6 0.375 0.5193236714975845 0.07971014492753623 0.18840579710144928
0 0.48630434782608695 0.5246859903381642 0.06884057971014493 0.357487922705314
0 0.6873913043478261 0.6171497584541062 0.3188405797101449 0.7657004830917874
0 0.3677536231884058 0.6388888888888888 0.12318840579710146 0.6884057971014492
0 0.16797101449275362 0.638743961352657 0.19021739130434784 0.6521739130434783
6 0.7047101449275363 0.7210144927536232 0.23550724637681159 0.49516908212560384
6 0.17119565217391305 0.7222222222222222 0.161231884057971 0.30434782608695654
2 0.48208333333333336 0.37640096618357494 0.04630434782608695 0.05502415458937198
6 0.4921557971014493 0.4716908212560387 0.05233695652173913 0.10869565217391304