2 0.22666666666666666 0.2753555555555556 0.07333333333333333 0.06666666666666667
2 0.5783333333333334 0.2733333333333333 0.06666666666666667 0.05333333333333334
2 0.8033333333333333 0.2911111111111111 0.07333333333333333 0.057777777777777775
2 0.4533333333333333 0.29888888888888887 0.07333333333333333 0.051111111111111114
2 0.37583333333333335 0.30666666666666664 0.06166666666666667 0.05333333333333334
6 0.5958333333333333 0.47555555555555556 0.11833333333333333 0.22666666666666666
6 0.4666666666666667 0.49 0.12 0.20222222222222222
6 0.3458333333333333 0.4922222222222222 0.095 0.2288888888888889
6 0.805 0.5144444444444445 0.11333333333333333 0.23777777777777778
6 0.2 0.5166666666666667 0.14 0.2911111111111111
0 0.6069 0.5659555555555555 0.16166666666666665 0.6511111111111111
0 0.4706833333333334 0.5784888888888888 0.13833333333333334 0.66
0 0.8029499999999999 0.5818222222222222 0.15166666666666667 0.6622222222222223
0 0.34363333333333335 0.5881777777777778 0.11666666666666667 0.6511111111111111
0 0.19818333333333332 0.6112222222222222 0.16 0.7533333333333333
3 0.5825833333333333 0.3131333333333333 0.03788333333333333 0.02828888888888889
3 0.22651666666666667 0.3090888888888889 0.06515 0.03635555555555556
3 0.36741666666666667 0.3394 0.05 0.044444444444444446
3 0.45530000000000004 0.3353555555555556 0.03485 0.0202
3 0.5833333333333334 0.3131333333333333 0.05151666666666667 0.02828888888888889
3 0.79545 0.3353555555555556 0.05151666666666667 0.03233333333333333