2 0.2775 0.24577861163227016 0.075 0.04878048780487805
2 0.4225 0.3273921200750469 0.0575 0.058161350844277676
5 0.775 0.38649155722326456 0.215 0.38649155722326456
5 0.26375 0.45872420262664165 0.1275 0.21200750469043153
0 0.772425 0.5028142589118199 0.29875 0.9943714821763602
5 0.410625 0.5150093808630394 0.07625 0.19699812382739212
2 0.78625 0.05347091932457786 0.12 0.08442776735459662
0 0.2359 0.5919324577861164 0.21625 0.8161350844277674
0 0.43396250000000003 0.6036022514071295 0.21125 0.6135084427767354
3 0.28055 0.2782926829268293 0.0638875 0.04795497185741088
3 0.4291625 0.3523076923076923 0.052774999999999996 0.025009380863039398
3 0.8 0.10632270168855536 0.08055 0.033358348968105064