0 0.8291083916083916 0.7797202797202797 0.11800699300699301 0.4405594405594406
0 0.44667832167832167 0.7616550116550117 0.13111888111888112 0.4766899766899767
0 0.2923951048951049 0.7616550116550117 0.16346153846153846 0.4766899766899767
0 0.13286713286713286 0.7661072261072261 0.14685314685314685 0.46736596736596736
2 0.4527972027972028 0.5524475524475524 0.07342657342657342 0.05128205128205128
2 0.28023601398601394 0.5682867132867132 0.07867132867132867 0.07226107226107226
2 0.14363636363636362 0.5697202797202797 0.0673076923076923 0.05827505827505827
2 0.8461538461538461 0.5891608391608392 0.06468531468531469 0.04312354312354312
6 0.4423076923076923 0.7424242424242424 0.11013986013986014 0.22843822843822845
6 0.8343531468531469 0.7424242424242424 0.10227272727272728 0.2191142191142191
6 0.13636363636363635 0.7532867132867134 0.12762237762237763 0.23892773892773891
6 0.2631118881118881 0.7622377622377622 0.07517482517482517 0.2097902097902098
0 0.6634615384615384 0.7703962703962703 0.17132867132867133 0.4592074592074592