2 0.284 0.5465465465465466 0.04 0.04804804804804805
2 0.424 0.5495495495495496 0.036 0.04804804804804805
2 0.634 0.5525525525525525 0.04 0.04804804804804805
2 0.704 0.5570570570570571 0.048 0.05105105105105105
2 0.351 0.5585585585585585 0.042 0.04804804804804805
4 0.495 0.5690690690690691 0.042 0.04504504504504504
2 0.57 0.5960960960960962 0.044 0.057057057057057055
5 0.284 0.6666666666666666 0.06 0.16216216216216217
5 0.496 0.6726726726726727 0.068 0.12012012012012012
5 0.426 0.6756756756756757 0.068 0.14414414414414414
5 0.354 0.6771771771771772 0.072 0.12912912912912913
5 0.637 0.6771771771771772 0.062 0.15315315315315314
5 0.702 0.6786786786786787 0.068 0.15615615615615616
5 0.573 0.7102102102102102 0.07 0.14114114114114115
0 0.28234 0.7277177177177178 0.082 0.4264264264264264
0 0.357 0.7312312312312312 0.062 0.4174174174174174
0 0.42334 0.7367267267267268 0.06 0.4264264264264264
0 0.70766 0.7392492492492492 0.07 0.4294294294294294
0 0.63934 0.7292192192192193 0.06 0.4294294294294294
0 0.497 0.7517417417417418 0.066 0.4144144144144144
0 0.571 0.7467567567567567 0.066 0.37237237237237236