0 0.8567708333333334 0.6101851851851852 0.22395833333333334 0.7796296296296297
0 0.39230208333333333 0.6675925925925926 0.21145833333333333 0.6648148148148149
2 0.85 0.31574074074074077 0.15416666666666667 0.19814814814814816
2 0.4014375 0.43148148148148147 0.140625 0.2037037037037037
0 0.6083333333333333 0.43724074074074076 0.18958333333333333 0.8703703703703703
0 0.16218749999999998 0.4247962962962963 0.26666666666666666 0.8444444444444444
6 0.17239583333333333 0.5148148148148148 0.178125 0.5037037037037037
6 0.6282395833333333 0.5592592592592592 0.23333333333333334 0.6148148148148148
6 0.8489583333333334 0.7888888888888889 0.21041666666666667 0.40370370370370373
2 0.6088541666666667 0.08888888888888889 0.15104166666666666 0.17777777777777778
2 0.15029166666666666 0.09166666666666666 0.14270833333333333 0.17222222222222222
6 0.40219791666666665 0.8446481481481481 0.23495833333333332 0.3107037037037037
3 0.15740625000000003 0.1779814814814815 0.09721874999999999 0.03909259259259259
1 0.39757291666666666 0.5545185185185185 0.11920833333333333 0.059666666666666666
1 0.6111145833333332 0.16872222222222222 0.10416666666666667 0.07407407407407407
1 0.84259375 0.42077777777777775 0.09954166666666667 0.05555555555555555