2 0.4191666666666667 0.30906921241050117 0.041666666666666664 0.06443914081145585
2 0.875 0.3305489260143198 0.04 0.045346062052505964
0 0.6117666666666667 0.38252983293556087 0.09166666666666666 0.13126491646778043
0 0.8780500000000001 0.4012171837708831 0.12833333333333333 0.21479713603818615
0 0.39463333333333334 0.40042959427207636 0.09666666666666666 0.28162291169451076
2 0.5633333333333334 0.48568019093078757 0.07333333333333333 0.10739856801909307
0 0.5575 0.578090692124105 0.15166666666666667 0.30071599045346065
5 0.8722166666666668 0.41102625298329354 0.061116666666666666 0.0954653937947494
5 0.6120333333333334 0.39114558472553695 0.04815 0.06630071599045347
2 0.5902833333333334 0.34804295942720764 0.030549999999999997 0.03579952267303103
5 0.3777833333333333 0.3692601431980907 0.03518333333333333 0.0941288782816229