0 0.7554 0.5150105263157895 0.21769230769230768 0.33157894736842103
0 0.5684615384615385 0.2724105263157895 0.14461538461538462 0.32210526315789473
0 0.3088461538461538 0.7363157894736843 0.1423076923076923 0.3021052631578947
0 0.17329999999999998 0.34789473684210526 0.1453846153846154 0.34210526315789475
2 0.5456076923076922 0.18578947368421053 0.06384615384615384 0.08526315789473685
2 0.16676153846153846 0.22789473684210526 0.06923076923076923 0.08947368421052632
6 0.16192307692307692 0.31609473684210526 0.08538461538461538 0.10210526315789474
2 0.6936846153846153 0.4063157894736842 0.07230769230769231 0.07789473684210527
6 0.7944307692307693 0.43896842105263156 0.13538461538461538 0.17157894736842105
2 0.30423076923076925 0.6405263157894737 0.08384615384615385 0.10421052631578948
6 0.2953846153846154 0.7254526315789473 0.1 0.14