2 0.13107142857142856 0.42650214592274677 0.05142857142857143 0.06866952789699571
2 0.6428571428571429 0.4366952789699571 0.03428571428571429 0.03648068669527897
2 0.30214285714285716 0.453862660944206 0.03857142857142857 0.05793991416309013
2 0.74 0.453862660944206 0.05714285714285714 0.06223175965665236
2 0.3672285714285714 0.4573605150214592 0.0416 0.049892703862660946
0 0.0916142857142857 0.5332618025751072 0.13857142857142857 0.3197424892703863
0 0.6559 0.5847639484978541 0.07428571428571429 0.34334763948497854
0 0.2541 0.5708154506437768 0.14142857142857143 0.34763948497854075
0 0.5742857142857143 0.6083690987124464 0.11142857142857143 0.259656652360515
0 0.7855428571428571 0.6357296137339056 0.15857142857142856 0.44206008583690987
6 0.7892857142857143 0.591480686695279 0.09107142857142857 0.17167381974248927
6 0.6607142857142857 0.5411802575107296 0.055357142857142855 0.11401287553648069
2 0.6129428571428571 0.5036266094420601 0.03125714285714286 0.04695278969957081
5 0.5736571428571429 0.5700214592274678 0.04197142857142857 0.11534334763948498
5 0.3540142857142857 0.5559227467811159 0.04554285714285714 0.12474248927038627
6 0.24777142857142856 0.5445278969957081 0.10982857142857143 0.11802575107296137
6 0.10937142857142858 0.5277682403433477 0.07590000000000001 0.156931330472103
0 0.35804285714285716 0.5653218884120171 0.05892857142857143 0.3151931330472103
0 0.4303571428571429 0.543862660944206 0.030357142857142857 0.11937768240343348
0 0.40044285714285716 0.530450643776824 0.020542857142857144 0.13815450643776822