6 0.8151552287581699 0.4759497549019608 0.28717320261437906 0.3226102941176471
6 0.4826388888888889 0.48192401960784315 0.247140522875817 0.2806372549019608
6 0.198937908496732 0.5157781862745098 0.27205882352941174 0.2552083333333333
0 0.8235294117647058 0.5684742647058824 0.35294117647058826 0.8630514705882353
0 0.4812091503267974 0.5960477941176471 0.32189542483660133 0.8079044117647058
0 0.16666666666666666 0.6159620098039216 0.3333333333333333 0.7680759803921569
2 0.7947303921568627 0.18183210784313725 0.1809640522875817 0.07751225490196079
2 0.4881535947712418 0.24295343137254902 0.13970588235294118 0.07720588235294118
2 0.19015522875816993 0.27068014705882354 0.14256535947712418 0.08363970588235294
3 0.7965686274509803 0.22977941176470587 0.17973856209150327 0.049019607843137254
3 0.4891748366013072 0.2841605392156863 0.14501633986928106 0.05974264705882353
1 0.19914215686274508 0.3163296568627451 0.14910130718954248 0.047487745098039214