2 0.359375 0.3055555555555556 0.060546875 0.10069444444444445
2 0.4140625 0.3151041666666667 0.072265625 0.11284722222222222
2 0.03955078125 0.3342013888888889 0.0791015625 0.17881944444444445
2 0.559912109375 0.3167013888888889 0.0712890625 0.0946875
2 0.1728515625 0.3411458333333333 0.06640625 0.11979166666666667
2 0.762578125 0.3218402777777778 0.069638671875 0.08973958333333333
2 0.23291015625 0.3923611111111111 0.0849609375 0.12152777777777778
5 0.5703125 0.5130208333333334 0.1015625 0.21354166666666666
5 0.40771484375 0.5434027777777778 0.1123046875 0.2708333333333333
5 0.765625 0.5694444444444444 0.119140625 0.3159722222222222
0 0.0556640625 0.6223958333333334 0.111328125 0.7552083333333334
0 0.407080078125 0.6362847222222222 0.123046875 0.7274305555555556
0 0.75740234375 0.6328819444444445 0.1630859375 0.7342361111111111
5 0.22998046875 0.640625 0.1142578125 0.3402777777777778
0 0.556640625 0.6234027777777778 0.142578125 0.7158159722222223
0 0.225849609375 0.6657986111111112 0.1318359375 0.6684027777777778
5 0.04931640625 0.6840277777777778 0.0986328125 0.4375
3 0.76171875 0.3719270833333333 0.06310546875 0.038732638888888886
3 0.557392578125 0.3665798611111111 0.066103515625 0.04673611111111112
0 0.3350390625 0.4166666666666667 0.08263671875 0.3472222222222222
5 0.158125 0.49078125 0.057841796875 0.1242013888888889
0 0.163388671875 0.6276736111111112 0.1104296875 0.7371875