0 0.925 0.5480480480480481 0.15 0.8918918918918919
0 0.7746799999999999 0.6061261261261262 0.182 0.7867867867867868
0 0.65454 0.6201201201201201 0.194 0.7597597597597597
0 0.28272 0.6396396396396397 0.13 0.7207207207207207
0 0.108 0.581081081081081 0.18 0.8378378378378378
2 0.65286 0.3090990990990991 0.134 0.15015015015015015
2 0.29668 0.32756756756756755 0.074 0.10810810810810811
5 0.927 0.5525525525525525 0.146 0.45645645645645644
0 0.419 0.5570570570570571 0.194 0.8858858858858859
5 0.42168 0.5568168168168168 0.184 0.48348348348348347
5 0.10945999999999999 0.5723423423423424 0.176 0.3933933933933934
5 0.278 0.5797897897897898 0.128 0.2702702702702703
5 0.658 0.6038138138138138 0.128 0.26426426426426425
5 0.76986 0.6066066066066066 0.124 0.3003003003003003
2 0.949 0.1833933933933934 0.102 0.15615615615615616
2 0.464 0.213003003003003 0.136 0.1981981981981982
2 0.128 0.23423423423423423 0.124 0.13213213213213212
2 0.757 0.25825825825825827 0.106 0.0960960960960961