0 0.305625 0.31189083820662766 0.14875 0.5341130604288499
0 0.78 0.3460038986354776 0.08 0.2787524366471735
0 0.6025 0.391812865497076 0.065 0.20272904483430798
2 0.336875 0.09551656920077972 0.07875 0.09746588693957114
0 0.058125 0.16764132553606237 0.08875 0.26120857699805067
5 0.295625 0.23976608187134502 0.06875 0.17153996101364521
5 0.055 0.19103313840155944 0.0725 0.1442495126705653
5 0.201875 0.12280701754385964 0.05875 0.08966861598440545
5 0.59375 0.4171539961013645 0.045 0.14035087719298245
6 0.784375 0.3508771929824561 0.06875 0.1286549707602339
2 0.605625 0.31189083820662766 0.05125 0.050682261208576995
2 0.79125 0.23196881091617932 0.045 0.050682261208576995
3 0.34125 0.12280701754385964 0.0325 0.050682261208576995