4 0.7807625649913345 0.20107238605898123 0.15251299826689774 0.10991957104557641
2 0.17937608318890816 0.2131367292225201 0.14211438474870017 0.15281501340482573
4 0.5727902946273831 0.25603217158176944 0.14558058925476602 0.12332439678284182
2 0.4003466204506066 0.30294906166219837 0.13518197573656845 0.13136729222520108
0 0.17677642980935876 0.561662198391421 0.2530329289428076 0.8739946380697051
0 0.8076256499133448 0.5623324396782842 0.28942807625649913 0.8753351206434317
0 0.38258232235701906 0.6105898123324397 0.17764298093587522 0.7788203753351206
0 0.5693240901213171 0.5911528150134048 0.18890814558058924 0.8176943699731903
5 0.7993934142114385 0.6903485254691689 0.2833622183708839 0.579088471849866
5 0.16074523396880416 0.7017426273458445 0.20537261698440207 0.5268096514745308
5 0.5355285961871751 0.7386058981233244 0.19930675909878684 0.5227882037533512
5 0.39948006932409014 0.7533512064343163 0.18370883882149047 0.4932975871313673
2 0.5866551126516465 0.7801608579088471 0.20103986135181975 0.257372654155496
1 0.7803292894280762 0.2801608579088472 0.14471403812824957 0.0777479892761394
3 0.3986135181975737 0.3820375335120643 0.12998266897746968 0.07238605898123325
3 0.17764298093587522 0.2975871313672922 0.14211438474870017 0.08042895442359249
3 0.5697573656845754 0.33176943699731903 0.1360485268630849 0.0871313672922252