4 0.4475 0.27861163227016883 0.1025 0.07692307692307693
4 0.676875 0.2851782363977486 0.06875 0.04127579737335835
4 0.15875 0.29080675422138835 0.0875 0.07129455909943715
4 0.5625 0.32833020637898686 0.06 0.0525328330206379
4 0.28633749999999997 0.3391932457786116 0.082325 0.08549718574108818
6 0.884375 0.4521575984990619 0.20375 0.3827392120075047
0 0.890625 0.5544090056285178 0.21875 0.8911819887429644
6 0.68 0.6041275797373359 0.175 0.3902439024390244
6 0.146875 0.6172607879924953 0.20375 0.46904315196998125
6 0.4267875 0.6026454033771107 0.16463750000000002 0.3621013133208255
0 0.4261625 0.6210131332082551 0.17625 0.7579737335834896
0 0.1158 0.6226266416510319 0.19125 0.7483302063789868
0 0.28955 0.6431332082551595 0.1630375 0.7137523452157598
0 0.687325 0.6341463414634146 0.175 0.7317073170731707
0 0.5675875 0.6416510318949343 0.12875 0.7166979362101313
4 0.8775 0.14352720450281425 0.0775 0.06566604127579738
3 0.44286250000000005 0.3477673545966229 0.0892875 0.04690431519699812
3 0.2875 0.38729831144465293 0.071425 0.050919324577861164
3 0.16071249999999998 0.33502814258911817 0.078575 0.06165103189493433
1 0.86295 0.20101313320825517 0.084825 0.042889305816135086
3 0.6794625000000001 0.3330206378986867 0.071425 0.04153846153846154