2 0.76484375 0.2833333333333333 0.11875 0.10833333333333334
4 0.26953125 0.4340277777777778 0.0359375 0.04861111111111111
2 0.626171875 0.45069444444444445 0.05703125 0.0763888888888889
4 0.433203125 0.4638888888888889 0.03671875 0.041666666666666664
4 0.505078125 0.48055555555555557 0.03515625 0.05277777777777778
0 0.76484375 0.5777777777777777 0.1796875 0.7194444444444444
5 0.266015625 0.5819444444444445 0.05859375 0.18055555555555555
5 0.50390625 0.5916666666666667 0.046875 0.14444444444444443
5 0.433984375 0.6027777777777777 0.06484375 0.18611111111111112
5 0.61171875 0.6520833333333333 0.0796875 0.25972222222222224
0 0.506640625 0.6638888888888889 0.06328125 0.44722222222222224
0 0.26328125 0.6722222222222223 0.071875 0.5277777777777778
0 0.435546875 0.6944444444444444 0.07265625 0.5
0 0.60390625 0.6965277777777777 0.103125 0.5791666666666667
5 0.746484375 0.7201388888888889 0.16640625 0.4930555555555556