0 0.84 0.42333333333333334 0.3 0.68
0 0.485 0.455 0.39 0.8366666666666667
6 0.47 0.5166666666666667 0.3333333333333333 0.5466666666666666
6 0.855 0.5266666666666666 0.29 0.38
0 0.15833333333333333 0.5266666666666666 0.31666666666666665 0.9466666666666667
6 0.15166666666666667 0.5816666666666667 0.27666666666666667 0.5766666666666667
2 0.465 0.13166666666666665 0.25666666666666665 0.19
2 0.20333333333333334 0.14833333333333334 0.26 0.18333333333333332
2 0.88 0.16 0.20666666666666667 0.16666666666666666
1 0.8774666666666667 0.2568666666666667 0.1706 0.05096666666666667
1 0.4647 0.21373333333333336 0.17253333333333332 0.05096666666666667
1 0.24706666666666668 0.2627333333333333 0.1294 0.06273333333333334