0 0.8481060606060606 0.4978366445916115 0.3023181818181818 0.9668874172185431
0 0.471060606060606 0.5011037527593819 0.21212121212121213 0.8830022075055187
0 0.17334848484848484 0.4988962472406181 0.2409090909090909 0.8211920529801324
6 0.46499999999999997 0.3598233995584989 0.11515151515151516 0.31346578366445915
6 0.8893939393939394 0.36423841059602646 0.17575757575757575 0.2869757174392936
6 0.7545454545454545 0.37748344370860926 0.1 0.2163355408388521
6 0.14924242424242423 0.40176600441501104 0.1590909090909091 0.2869757174392936
2 0.771060606060606 0.0673289183222958 0.08181818181818182 0.09050772626931568
2 0.5121212121212121 0.13002207505518765 0.08787878787878788 0.1368653421633554
2 0.15136363636363637 0.14922737306843264 0.09393939393939393 0.10375275938189846
2 0.7545454545454545 0.17328918322295805 0.10606060606060606 0.1390728476821192