2 0.588 0.3123123123123123 0.132 0.12012012012012012
6 0.344 0.6441441441441441 0.208 0.3633633633633634
6 0.616 0.6591591591591591 0.188 0.23123123123123124
6 0.841 0.7777777777777778 0.318 0.4444444444444444
2 0.392 0.2702702702702703 0.148 0.14414414414414414
2 0.739 0.2747747747747748 0.218 0.1831831831831832
0 0.31545999999999996 0.5268768768768768 0.31454000000000004 0.7016216216216216
0 0.8168200000000001 0.5662162162162162 0.36636 0.8675975975975977
0 0.5741 0.4907207207207207 0.14818 0.601951951951952
3 0.40364 0.35558558558558556 0.11272 0.07780780780780781
3 0.59272 0.38969969969969975 0.10364 0.07780780780780781