2 0.6421052631578947 0.18207681365576103 0.14545454545454545 0.20483641536273114
2 0.20861244019138755 0.24466571834992887 0.16650717703349283 0.25604551920341395
2 0.384688995215311 0.27453769559032715 0.14736842105263157 0.21337126600284495
0 0.6635693779904306 0.5175817923186344 0.32727272727272727 0.887624466571835
6 0.6641148325358852 0.5490753911806543 0.26220095693779905 0.5405405405405406
0 0.14654545454545453 0.5540540540540541 0.2660287081339713 0.8918918918918919
0 0.3768995215311005 0.5756899004267425 0.25645933014354066 0.8079658605974396
6 0.12392344497607656 0.6401137980085349 0.23636363636363636 0.5462304409672831
6 0.36076555023923446 0.666330014224751 0.21818181818181817 0.5263157894736842
3 0.21120574162679426 0.3302133712660028 0.09706220095693781 0.08738264580369844
3 0.384822966507177 0.3535846372688478 0.09706220095693781 0.0731578947368421
3 0.6493492822966508 0.2570554765291608 0.1011578947368421 0.07112375533428165