2 0.568939393939394 0.25113636363636366 0.14393939393939395 0.19318181818181818
0 0.5902424242424242 0.4831590909090909 0.19527272727272726 0.68075
1 0.5744242424242424 0.3362272727272727 0.1328030303030303 0.0949090909090909
6 0.5806666666666667 0.6350227272727273 0.14706060606060606 0.33690909090909094
2 0.4309242424242425 0.21990909090909092 0.12922727272727275 0.16443181818181818
1 0.42068181818181816 0.3302045454545454 0.14437878787878788 0.09359090909090909
0 0.4215757575757576 0.38770454545454547 0.14616666666666667 0.5615
0 0.21212121212121213 0.5 0.42245454545454547 1
6 0.1475 0.6350227272727273 0.2664848484848485 0.6925227272727272
2 0.2678181818181818 0.08690909090909091 0.3056969696969697 0.17379545454545453
1 0.2722878787878788 0.1544090909090909 0.2682727272727273 0.12968181818181818